0.160609
-0.425181
0.193886
-0.422756
0.201867
-0.408765
0.286269
-0.361956
0.281368
-0.357091
0.350833
-0.352604
0.309004
-0.342364
0.330319
-0.333205
0.356709
-0.273166
0.39012
-0.255318
0.188121
-0.44542
0.184368
-0.395235
0.249052
-0.39256
0.245259
-0.369786
0.290211
-0.381079
0.329641
-0.299369
0.350777
-0.286922
0.325139
-0.288085
0.34629
-0.268553
0.336382
-0.246548
0.190194
-0.358032
0.216641
-0.409717
0.267343
-0.340505
0.300126
-0.340781
0.329564
-0.278066
0.380507
-0.263293
0.354264
-0.312973
0.386374
-0.249675
0.37987
-0.226002
0.403671
-0.231666
0.207639
-0.339682
0.228559
-0.331597
0.252149
-0.298316
0.279483
-0.294663
0.318671
-0.302105
0.358665
-0.248309
0.347282
-0.277563
0.336049
-0.22412
0.356292
-0.189052
0.387235
-0.186574
0.229323
-0.331637
0.191182
-0.27473
0.250108
-0.292882
0.328557
-0.28134
0.328426
-0.281766
0.382461
-0.242197
0.336935
-0.253076
0.361061
-0.193465
0.354316
-0.219774
0.395494
-0.17929
0.205555
-0.288428
0.17595
-0.283807
0.249732
-0.289694
0.325191
-0.223544
0.283596
-0.279151
0.360222
-0.208208
0.359881
-0.182717
0.372517
-0.187539
0.348028
-0.207572
0.382252
-0.170752
0.199136
-0.248859
0.168073
-0.284777
0.308207
-0.178925
0.289554
-0.244265
0.370918
-0.131392
0.41249
-0.119035
0.372208
-0.176612
0.3676
-0.170565
0.349323
-0.156281
0.358694
-0.153385
0.178688
-0.297319
0.24676
-0.20289
0.234579
-0.215479
0.324911
-0.176151
0.369052
-0.16735
0.36573
-0.159567
0.320548
-0.229459
0.307485
-0.215852
0.358185
-0.119139
0.312145
-0.200408
0.225166
-0.218474
0.226133
-0.230832
0.236977
-0.180341
0.312149
-0.214316
0.325373
-0.143347
0.358312
-0.21417
0.29956
-0.201897
0.290078
-0.215488
0.310842
-0.187196
0.331193
-0.194555
0.218589
-0.144018
0.221896
-0.192445
0.232522
-0.160276
0.285329
-0.158018
0.282524
-0.209966
0.393236
-0.150002
0.311147
-0.14063
0.302216
-0.143627
0.247493
-0.24675
0.19015
-0.226434
-0.100399
0.254623
-0.0276439
0.276371
0.0590683
0.316581
0.197172
0.276756
0.207085
0.23181
0.321157
0.189668
0.301474
0.223988
0.364619
0.207742
0.357979
0.200389
0.387037
0.223612
-0.095971
0.317507
-0.0522199
0.353153
0.0947347
0.31924
0.142846
0.316814
0.19678
0.274132
0.269454
0.272709
0.316887
0.301216
0.289379
0.312125
0.338963
0.312862
0.357095
0.30271
-0.0838691
0.371783
-0.0355827
0.373449
0.0777284
0.372874
0.13342
0.3336
0.178852
0.337286
0.263656
0.282248
0.287138
0.316098
0.289514
0.352
0.32775
0.311213
0.310552
0.3505
-0.0760498
0.408851
-0.00269375
0.417185
0.0807433
0.401671
0.153571
0.394372
0.234734
0.356297
0.254211
0.351119
0.260919
0.33647
0.299768
0.362764
0.303125
0.351182
0.353317
0.332262
-0.0736949
0.441039
0.0225443
0.430231
0.0546307
0.419063
0.170894
0.385357
0.215737
0.345174
0.244636
0.371325
0.291883
0.345044
0.253584
0.369086
0.297674
0.379014
0.337895
0.372198
-0.0626001
0.45947
-0.0617793
0.456478
-0.0091588
0.453848
0.108353
0.445114
0.169953
0.448485
0.243416
0.398905
0.267051
0.423295
0.268293
0.415122
0.235235
0.429933
0.365126
0.366484
-0.0836948
0.488997
0.00570082
0.478076
0.0382453
0.507332
0.140367
0.47809
0.159455
0.484531
0.264353
0.436871
0.223862
0.438792
0.247171
0.430829
0.262541
0.456817
0.292243
0.454608
-0.112797
0.511924
-0.00517041
0.521709
0.00763601
0.510989
0.123922
0.49465
0.170365
0.475545
0.229365
0.442022
0.197405
0.472231
0.225028
0.456848
0.21594
0.422303
0.267003
0.453739
-0.120822
0.551149
-0.043403
0.534703
-0.0128006
0.538151
0.0768738
0.501578
0.164132
0.486085
0.177987
0.456562
0.210621
0.466769
0.215196
0.452424
0.248415
0.454836
0.237003
0.457437
-0.072552
0.582221
-0.0751504
0.577439
0.00815977
0.533305
0.111029
0.536087
0.11827
0.511791
0.189936
0.516652
0.148707
0.489854
0.177287
0.512302
0.182134
0.520485
0.134851
0.525166
-0.0776877
-0.465334
-0.0129563
-0.45626
-0.0184207
-0.431102
0.0236147
-0.428664
0.0690007
-0.43056
0.169735
-0.419425
0.124101
-0.381352
0.186768
-0.344448
0.184139
-0.338886
0.259495
-0.291632
-0.100181
-0.430332
-0.101361
-0.377047
0.0279026
-0.426679
0.0284831
-0.401455
0.101883
-0.404922
0.118057
-0.370999
0.179325
-0.357446
0.182571
-0.315892
0.179754
-0.336767
0.22355
-0.278019
-0.105093
-0.407046
-0.0676891
-0.405875
-0.023917
-0.378143
0.0994837
-0.399253
0.068314
-0.363009
0.102048
-0.391625
0.107481
-0.346678
0.187067
-0.312362
0.187151
-0.29568
0.21378
-0.285819
-0.0839301
-0.375464
-0.0427433
-0.375866
-0.0279185
-0.389058
0.0395501
-0.354232
0.0918012
-0.37489
0.122005
-0.314757
0.0906569
-0.338669
0.105823
-0.313752
0.136073
-0.306747
0.230246
-0.255449
-0.081413
-0.387065
-0.144188
-0.338647
-0.0519512
-0.341354
-0.00229051
-0.365524
0.0614566
-0.348909
0.0965461
-0.356872
0.120013
-0.317249
0.0780673
-0.33864
0.125154
-0.266213
0.199533
-0.263946
-0.153736
-0.316352
-0.124188
-0.29959
-0.0573989
-0.352177
0.0519411
-0.361638
0.0996407
-0.289684
0.185929
-0.304832
0.109136
-0.31576
0.200123
-0.231018
0.107465
-0.26593
0.144973
-0.24718
-0.18634
-0.201218
-0.206894
-0.274124
-0.0394333
-0.324663
0.0333072
-0.315339
0.050651
-0.300599
0.117756
-0.281047
0.099213
-0.277589
0.110059
-0.286265
0.144405
-0.225711
0.0898616
-0.262907
-0.178029
-0.25633
-0.0974738
-0.318566
-0.152437
-0.272364
0.0348709
-0.249339
0.0323126
-0.307069
0.100108
-0.249534
0.0556174
-0.310899
0.126206
-0.259297
0.0552404
-0.238716
0.0680771
-0.200305
-0.230245
-0.182772
-0.201324
-0.249196
-0.146095
-0.258045
-0.0659491
-0.312646
0.0401984
-0.271112
0.0329812
-0.312201
0.0793489
-0.283078
0.00435307
-0.25346
-0.0353513
-0.276309
0.00259982
-0.226558
-0.182766
-0.21185
-0.171682
-0.227464
-0.176997
-0.218908
-0.0709073
-0.267925
-0.0595941
-0.244594
0.0520942
-0.222745
-0.0215119
-0.266003
-0.0873065
-0.206504
-0.0929161
-0.20813
-0.0787566
-0.171923
-0.215578
-0.158227
-0.194298
-0.185896
-0.210398
-0.164352
-0.135971
-0.181789
-0.0615419
-0.221988
0.0441522
-0.272784
-0.0233865
-0.24393
0.0224519
-0.151392
-0.134725
-0.13428
0.0415651
-0.182473
-0.250651
-0.127676
-0.217712
-0.148701
-0.05132
-0.138595
-0.185753
-0.159354
-0.0684852
-0.21655
-0.0313243
-0.186167
-0.0133449
-0.230886
-0.0252648
-0.174704
-0.0106327
-0.145407
0.102208
-0.166591
-0.203866
-0.125866
-0.110091
-0.0866392
-0.213243
-0.0340398
-0.04666
-0.148377
-0.101202
-0.125579
0.0437953
-0.211861
0.0214755
-0.191225
0.0270011
-0.189353
0.0645699
-0.123632
0.119978
-0.120487
-0.143912
-0.0519474
-0.131726
-0.0447108
-0.20371
-0.0633259
0.0200366
0.110576
-0.0579542
0.112445
0.0981735
-0.0937071
-0.0311985
0.0551845
-0.00434889
0.0451283
0.121766
0.0113104
0.0268964
-0.126461
0.00820639
0.00613903
-0.186616
0.00204657
-0.184431
0.00692995
-0.0360798
-0.124487
0.0625817
-0.0275725
0.110472
-0.13424
-0.0199677
0.0122347
0.0450789
-0.156478
0.0964547
-0.093583
0.0241591
-0.150062
-0.157497
0.105352
-0.181627
0.137578
-0.176243
0.0817425
0.00302419
0.0961291
0.0342494
0.133472
0.152886
0.075862
0.0672627
-0.111374
0.102137
0.0309482
0.040674
-0.0367348
-0.0235221
-0.0839493
-0.118665
0.190706
-0.164337
0.149753
-0.0555499
0.197076
-0.120419
0.0732692
0.000875471
0.194575
0.0670256
0.148337
0.101723
0.0749791
-0.0577354
0.127258
0.00840078
0.101628
-0.0374748
0.0920339
0.00588375
0.180265
-0.0564236
0.194371
-0.134397
0.127651
-0.0358942
0.217338
0.0104632
0.124403
0.134224
-0.0185767
0.0905352
-0.0942861
-0.117498
-0.00274671
-0.112026
-0.137771
-0.0769776
-0.0756251
-0.124976
0.100156
-0.0230219
0.15782
-0.0981007
0.173015
0.0303629
0.119629
0.102358
0.0045642
0.0928326
0.040478
0.0926537
-0.0791364
-0.107961
-0.0257238
0.0601043
-0.13731
0.125909
-0.044268
-0.0307885
0.239471
-0.0812483
0.195865
-0.124106
0.181205
-0.0178776
0.227373
-0.107018
0.0943512
0.149087
0.0870362
-0.0996839
0.0795722
-0.0996113
-0.0236936
-0.111294
0.0270832
-0.13213
0.0329814
-0.2572
-0.454677
-0.238138
-0.446821
-0.238341
-0.43886
-0.167996
-0.417325
-0.190364
-0.425103
-0.10131
-0.446393
-0.135226
-0.39622
-0.178423
-0.362064
-0.179609
-0.329678
-0.155953
-0.347399
-0.247649
-0.425526
-0.281741
-0.37872
-0.215249
-0.426218
-0.194671
-0.411331
-0.166046
-0.391109
-0.109769
-0.39227
-0.11645
-0.421964
-0.163252
-0.360898
-0.150915
-0.323579
-0.148236
-0.317312
-0.239828
-0.436324
-0.245273
-0.405233
-0.183935
-0.437028
-0.158773
-0.42991
-0.150677
-0.401601
-0.0560985
-0.428007
-0.088506
-0.408933
-0.145518
-0.408579
-0.149672
-0.372524
-0.0200265
-0.342661
-0.244273
-0.405214
-0.217426
-0.42593
-0.221147
-0.400656
-0.110483
-0.424028
-0.087334
-0.427755
-0.0729197
-0.413537
-0.0412337
-0.403727
-0.0475334
-0.371972
-0.03461
-0.369742
-0.109067
-0.337334
-0.24457
-0.397078
-0.221471
-0.441526
-0.185506
-0.410947
-0.117718
-0.406199
-0.0892501
-0.438626
-0.0676769
-0.429094
-0.044702
-0.424495
-0.0532562
-0.41197
-0.0574853
-0.348054
-0.098072
-0.343095
-0.234487
-0.378161
-0.237585
-0.391976
-0.226675
-0.365558
-0.159171
-0.383349
-0.0666506
-0.388303
-0.0216937
-0.39669
-0.00595156
-0.365207
-0.033298
-0.362853
-0.0758854
-0.337151
-0.0197915
-0.366489
-0.255794
-0.353848
-0.217746
-0.367115
-0.15944
-0.386447
-0.0987557
-0.417516
-0.0424231
-0.360622
0.0256552
-0.373418
-0.036408
-0.409123
-0.00697115
-0.402055
-0.0178007
-0.367521
-0.0367374
-0.358921
-0.256228
-0.361173
-0.230363
-0.366989
-0.165459
-0.358985
-0.0710971
-0.399726
-0.0522691
-0.406697
0.028887
-0.401254
-0.0369369
-0.401691
0.00163776
-0.394331
-0.102251
-0.404559
-0.0372166
-0.353544
-0.21264
-0.341378
-0.224011
-0.356245
-0.137534
-0.3771
-0.114821
-0.391232
-0.0248045
-0.414192
0.0428855
-0.426245
-0.00794431
-0.412875
-0.0348522
-0.404964
0.000243883
-0.401823
-0.0290532
-0.404835
-0.289383
-0.305814
-0.167085
-0.327127
-0.141636
-0.375484
-0.0295191
-0.398952
-0.022933
-0.382166
0.121307
-0.370654
-0.0166069
-0.422339
-0.0129992
-0.373396
-0.0242002
-0.39611
-0.137237
-0.336897
-0.389544
-0.177314
-0.333352
-0.239432
-0.255183
-0.24167
-0.305919
-0.148034
-0.200706
-0.236548
-0.122855
-0.270329
-0.0945581
-0.289219
-0.17061
-0.144018
-0.158696
-0.163336
-0.135758
-0.113196
-0.345892
-0.141518
-0.348033
-0.155446
-0.268503
-0.19162
-0.172816
-0.197582
-0.132026
-0.24104
-0.141815
-0.157504
-0.0724282
-0.280388
-0.131765
-0.125933
-0.0343667
0.11121
-0.134268
0.0303384
-0.347079
-0.145054
-0.285797
-0.192082
-0.19776
-0.218345
-0.0430461
-0.292012
-0.0502297
-0.250984
0.081368
-0.230979
-0.025955
-0.259389
0.130283
-0.174855
-0.0332459
-0.118457
0.0158658
-0.161738
-0.333211
-0.101758
-0.303983
-0.0767052
-0.213121
-0.187261
-0.129274
-0.188968
-0.0496361
-0.219237
0.153697
-0.133877
0.0187517
-0.253663
0.192785
-0.0982187
0.0896229
-0.144354
0.0845705
-0.0873049
-0.321878
-0.0848359
-0.282925
-0.130832
-0.184048
-0.192618
-0.104317
-0.248917
0.0694872
-0.211158
0.146577
-0.201638
0.142296
-0.220309
0.0511693
-0.214575
0.160568
-0.0729083
0.133002
-0.211516
-0.334888
-0.0121922
-0.254701
0.0134955
-0.188246
-0.0209919
0.109077
-0.146048
0.0650206
-0.185085
0.246568
-0.0858922
0.239893
-0.0990411
0.207699
-0.0659653
0.172869
-0.130152
0.173849
0.0169448
-0.251339
0.155568
-0.257408
0.064849
-0.14521
0.0827933
0.117884
-0.0803392
0.219814
-0.0419739
0.275648
-0.0674396
0.243905
-0.096529
0.256106
-0.0769206
0.2647
-0.0203871
0.203364
-0.0536337
-0.205713
0.142174
-0.218514
0.127135
-0.141965
0.0310873
0.221637
0.00330044
0.22111
-0.10635
0.312082
-0.080477
0.239268
-0.168778
0.25724
-0.137768
0.19828
-0.178172
0.0996029
-0.195678
-0.182539
0.181194
-0.172519
0.180395
-0.11134
0.131198
0.226684
-0.0193779
0.267869
-0.0676393
0.286331
-0.157042
0.248318
-0.164025
0.195775
-0.212804
0.193722
-0.171497
0.0920078
-0.257365
-0.0337424
0.280953
-0.0749936
0.279608
0.0224185
0.191709
0.236464
0.0388465
0.264255
-0.0228357
0.314978
-0.0249094
0.234768
-0.11173
0.250691
-0.0149414
0.104294
-0.160052
-0.18911
-0.113452
-0.128842
0.512514
-0.151756
0.517283
-0.0945331
0.560837
0.011309
0.596321
0.00955935
0.590631
0.0505786
0.594037
0.068291
0.644241
0.0888647
0.648485
0.0618358
0.704069
0.124252
0.739385
-0.107077
0.545436
-0.0793594
0.605589
-0.0489366
0.591341
-0.0167968
0.607594
0.00269036
0.613157
0.100718
0.640981
0.0551218
0.66905
0.0689408
0.703433
0.106675
0.729687
0.123162
0.770065
-0.0786296
0.588046
-0.0753452
0.599798
-0.0746201
0.608789
-0.041365
0.618293
-0.01292
0.650428
0.0704334
0.640996
0.0671049
0.679882
0.063806
0.719804
0.103219
0.753536
0.131688
0.769479
-0.0419403
0.605278
-0.0846223
0.624398
-0.05167
0.641806
0.00360347
0.656309
0.0439113
0.683618
0.0867653
0.679268
0.0946515
0.695986
0.0685496
0.758052
0.0906045
0.774707
0.111587
0.793441
-0.0505108
0.605031
-0.0262486
0.640032
-0.0179267
0.632276
0.00731505
0.672204
0.0347412
0.677096
0.0690336
0.690178
0.080198
0.706327
0.10075
0.743598
0.0957715
0.777063
0.108721
0.805543
-0.00326754
0.651556
-0.0283105
0.667061
-0.038341
0.675513
0.00766087
0.689338
0.0429872
0.70443
0.1137
0.73131
0.0834122
0.741289
0.100435
0.785806
0.0716856
0.797303
0.108211
0.818227
0.0228642
0.673178
0.000452896
0.68411
0.0024169
0.691207
0.0566427
0.694399
0.0440778
0.735119
0.0957675
0.726445
0.0905081
0.752009
0.10166
0.776725
0.0846119
0.821545
0.0741797
0.820675
0.052868
0.664902
0.0322934
0.689308
0.0449764
0.693805
0.069376
0.706198
0.0783477
0.720334
0.125862
0.753685
0.110404
0.746547
0.116411
0.781376
0.0748041
0.79589
0.1362
0.829288
0.084426
0.679217
0.0776678
0.67778
0.103171
0.687216
0.112549
0.688144
0.103721
0.702886
0.159048
0.723327
0.115998
0.749727
0.116575
0.771761
0.120339
0.780366
0.100015
0.806012
0.105411
0.661478
0.113391
0.708184
0.08135
0.691639
0.177629
0.71038
0.199484
0.704899
0.187285
0.732931
0.12041
0.746021
0.127475
0.776905
0.128346
0.797653
0.136176
0.811527
-0.139145
0.440889
-0.159764
0.422043
-0.131571
0.48272
-0.0548721
0.541007
-0.0977963
0.525076
-0.0676738
0.565434
-0.0583051
0.62588
-0.0693637
0.639059
-0.0906183
0.677798
-0.0450733
0.720619
-0.18118
0.448331
-0.111439
0.510705
-0.138271
0.499364
-0.126731
0.538881
-0.100174
0.542602
-0.0863816
0.592819
-0.0896361
0.629695
-0.0697608
0.668173
-0.0892303
0.694529
-0.0678697
0.722339
-0.145716
0.453251
-0.138614
0.496791
-0.13692
0.517076
-0.128005
0.524087
-0.118164
0.561685
-0.0784882
0.594021
-0.127508
0.622844
-0.116221
0.664541
-0.115786
0.700803
-0.118464
0.731402
-0.123161
0.484261
-0.161396
0.505282
-0.147423
0.526804
-0.100324
0.573092
-0.147795
0.577015
-0.0758972
0.620592
-0.112251
0.641164
-0.129616
0.670827
-0.140707
0.701064
-0.119705
0.709087
-0.129202
0.49781
-0.150726
0.513717
-0.153542
0.548636
-0.148187
0.545555
-0.114253
0.58567
-0.090051
0.610498
-0.153504
0.619999
-0.152482
0.662023
-0.18146
0.68053
-0.186267
0.720344
-0.129948
0.52263
-0.145492
0.549133
-0.175971
0.533683
-0.12591
0.567174
-0.114524
0.6054
-0.115673
0.619697
-0.179898
0.635265
-0.167179
0.668687
-0.211607
0.685616
-0.184136
0.711221
-0.0779443
0.529885
-0.160084
0.561823
-0.158389
0.562868
-0.126227
0.581544
-0.124878
0.618479
-0.137648
0.61113
-0.183492
0.641488
-0.239214
0.651668
-0.222213
0.69308
-0.240333
0.701842
-0.137061
0.507878
-0.110693
0.5641
-0.159787
0.552299
-0.140113
0.584997
-0.169454
0.584913
-0.144519
0.61573
-0.210663
0.61448
-0.246138
0.642817
-0.282511
0.647809
-0.258156
0.689051
-0.0953136
0.520292
-0.14104
0.52337
-0.14845
0.551715
-0.147883
0.549983
-0.158371
0.566754
-0.157752
0.581336
-0.212859
0.594357
-0.285083
0.596113
-0.303423
0.62164
-0.356663
0.631566
-0.0914373
0.538315
-0.144928
0.550744
-0.201228
0.532593
-0.13898
0.562325
-0.180793
0.564518
-0.166048
0.584732
-0.249759
0.585055
-0.286162
0.618717
-0.34053
0.602025
-0.351059
0.645217
-0.130524
-0.128301
-0.146828
-0.201682
-0.11577
-0.140895
0.0553957
-0.204022
-0.0623415
-0.18772
0.19953
-0.196219
0.164317
-0.152845
0.123064
-0.129763
0.214965
-0.0333572
0.255038
-0.0729167
-0.109983
-0.000567704
-0.184026
0.0427538
-0.066104
-0.0768109
0.00029253
-0.120177
0.116851
-0.165633
0.208853
-0.00255616
0.187522
-0.094471
0.193778
-0.051421
0.171716
0.14991
0.26382
0.0724201
-0.115242
0.0348168
-0.1497
-0.051775
-0.0354793
-0.0970994
0.118046
-0.12173
0.0947876
-0.0568191
0.211842
-0.0900737
0.161055
-0.109187
0.216942
-0.0413069
0.224658
0.0803968
0.268766
0.042986
-0.0758403
0.13921
-0.132015
0.200425
-0.13788
0.0545261
-0.0572427
0.166923
0.120552
-0.0186957
0.230773
0.0404049
0.178925
-0.121288
0.18107
0.0107507
0.175978
0.131269
0.203867
0.121545
0.0456338
0.169018
-0.0351751
0.209324
-0.128819
0.180615
0.150245
-0.040285
0.0763702
0.0932222
0.204301
-0.00870058
0.119368
-0.0927495
0.139663
0.0200306
0.176632
-0.0499599
0.176973
0.0640931
-0.0142428
0.267797
-0.129818
0.254645
-0.0874283
0.198173
-0.0225013
0.242969
0.0946719
0.176906
0.158724
0.147929
0.161795
0.0784794
0.108058
0.163532
0.133207
0.168383
0.162252
0.12656
0.0540967
0.277305
-0.131802
0.24443
-0.00863246
0.243942
-0.0352448
0.17043
0.123841
0.214955
0.198157
0.127445
0.104225
0.0499558
0.130546
0.140116
0.092863
0.140934
0.0255259
0.185619
-0.00327924
0.228054
-0.0130521
0.282995
-0.0712489
0.238568
0.122958
0.196739
0.111374
0.142105
0.209949
0.0673594
0.0422294
-0.0715009
0.0511684
0.018915
-0.0450911
-0.049466
-0.0694378
0.138154
0.01644
0.267147
-0.101359
0.260069
-0.0545982
0.241987
0.0644166
0.17157
0.130981
0.0695713
0.162245
-0.0561323
0.00051576
-0.123868
-0.133383
-0.0869014
-0.0465058
-0.00460341
-0.213085
0.0167274
0.0472996
0.314806
-0.0406111
0.318958
-0.125159
0.225706
-0.0284547
0.233112
-0.00590333
0.106248
0.141623
0.149193
-0.149459
0.0582078
-0.120796
0.0691238
-0.216622
0.0574837
-0.313495
0.10444
-0.209567
0.138998
-0.126732
-0.0253225
-0.130474
0.0970757
-0.0865308
0.173603
-0.0795901
-0.0812282
0.195275
-0.0194119
0.208307
-0.0544777
0.18899
0.0678347
0.245085
0.0238544
0.170927
0.150732
-0.116088
0.0958545
-0.0910237
0.177034
-0.0975733
0.112952
0.02449
0.147195
0.105957
0.0323914
0.158105
0.126377
0.207962
-0.088209
0.1162
0.10644
0.165772
0.156809
0.12812
0.194705
-0.0544883
0.238376
-0.0780597
0.210224
-0.0379124
0.17135
0.166812
0.13884
0.167775
0.102812
0.235993
-0.0137792
0.171984
0.0408031
0.201067
0.1274
0.09113
0.190377
0.104228
0.154148
-0.128887
0.231452
-0.149782
0.238555
-0.103331
0.22053
0.0347132
0.196038
0.0683466
0.196735
0.16603
0.15586
0.10945
0.0548986
0.155449
0.110181
0.0980981
0.201023
0.0481197
0.20061
-0.0780824
0.300662
-0.108166
0.266245
-0.141628
0.187841
-0.013046
0.168164
0.0242046
0.137535
0.11248
0.13753
0.0954042
0.130626
-0.0365173
0.216957
0.0120641
0.220549
-0.0655415
0.166296
-0.103965
0.311253
-0.117537
0.303963
-0.149432
0.270761
0.0483832
0.262347
-0.0911049
0.250349
0.101992
0.168459
-0.0165686
0.167297
-0.136519
0.149708
-0.0984339
0.216443
-0.118794
0.214857
-0.130918
0.348028
-0.142563
0.314162
-0.0988194
0.293243
-0.0925998
0.294746
-0.0790306
0.203897
0.0472338
0.160389
-0.0874875
0.139485
-0.11075
0.121881
-0.193374
0.200516
-0.237297
0.140927
-0.12753
0.343554
-0.149741
0.321105
-0.151505
0.278283
-0.0791483
0.234249
-0.144821
0.168425
-0.0634989
0.159481
-0.184599
0.0349165
-0.201538
0.115483
-0.26136
0.104329
-0.377602
0.0791404
-0.145117
0.323683
-0.259941
0.253536
-0.28353
0.199882
-0.224591
0.143973
-0.224712
0.121839
-0.144179
-0.00831972
-0.252437
-0.0145703
-0.319774
0.028469
-0.326457
0.0387775
-0.396747
-0.0144323
-0.173664
0.330678
-0.260275
0.288546
-0.314465
0.188291
-0.288719
0.171221
-0.289262
0.0940497
-0.195139
0.110358
-0.324933
0.0504479
-0.350579
0.0987193
-0.394031
0.147215
-0.496628
0.091122
-0.144048
-0.593776
-0.132857
-0.578197
-0.151837
-0.53274
-0.276338
-0.433048
-0.156728
-0.489117
-0.208481
-0.40671
-0.102057
-0.482676
-0.17279
-0.417844
-0.154862
-0.384426
-0.244027
-0.308286
-0.131069
-0.608006
-0.19129
-0.529866
-0.155613
-0.542549
-0.141146
-0.52923
-0.186317
-0.477724
-0.134083
-0.474566
-0.136874
-0.454209
-0.207815
-0.367703
-0.296135
-0.312905
-0.268924
-0.272667
-0.151175
-0.602091
-0.138495
-0.562194
-0.153633
-0.567943
-0.177961
-0.530638
-0.118842
-0.52558
-0.138668
-0.499666
-0.121168
-0.496531
-0.181249
-0.420342
-0.213988
-0.34514
-0.277157
-0.332591
-0.181609
-0.60674
-0.156141
-0.586488
-0.197869
-0.546672
-0.154847
-0.547775
-0.129228
-0.534524
-0.125765
-0.519874
-0.198099
-0.458221
-0.188116
-0.448589
-0.27693
-0.387702
-0.326007
-0.276791
-0.194936
-0.609185
-0.231008
-0.583073
-0.200284
-0.579788
-0.179548
-0.546067
-0.181318
-0.563124
-0.162487
-0.532773
-0.197978
-0.480867
-0.235633
-0.428826
-0.237534
-0.415446
-0.291571
-0.370651
-0.21726
-0.620061
-0.22828
-0.577126
-0.258382
-0.574567
-0.190877
-0.543046
-0.222176
-0.509896
-0.223279
-0.490255
-0.192557
-0.499324
-0.301932
-0.430611
-0.31806
-0.396434
-0.342421
-0.334182
-0.278271
-0.59217
-0.276315
-0.583331
-0.239937
-0.582363
-0.232379
-0.555663
-0.216723
-0.538324
-0.196775
-0.522784
-0.24421
-0.503689
-0.236784
-0.459426
-0.307657
-0.415246
-0.36455
-0.392818
-0.286285
-0.639636
-0.295308
-0.597982
-0.279789
-0.594906
-0.242115
-0.564231
-0.253224
-0.574826
-0.256429
-0.551197
-0.290069
-0.517091
-0.329355
-0.466611
-0.381672
-0.404453
-0.467283
-0.360118
-0.338383
-0.628251
-0.325638
-0.616079
-0.350778
-0.601244
-0.309119
-0.588558
-0.277845
-0.590915
-0.278661
-0.552532
-0.352109
-0.514514
-0.40135
-0.469753
-0.411334
-0.457292
-0.451642
-0.39068
-0.348174
-0.624925
-0.369087
-0.599884
-0.372339
-0.583998
-0.349967
-0.574957
-0.370247
-0.551816
-0.336268
-0.542412
-0.389007
-0.541437
-0.420749
-0.454984
-0.461967
-0.43119
-0.588823
-0.299855
-0.203701
-0.514129
-0.143
-0.512085
-0.0837967
-0.500924
-0.0424697
-0.454139
0.0269001
-0.460933
0.0816578
-0.451067
0.0733519
-0.43451
0.113987
-0.338923
0.141255
-0.346849
0.157382
-0.313668
-0.183566
-0.513745
-0.181096
-0.468537
-0.0969792
-0.487531
-0.0339571
-0.455088
-0.00837801
-0.437509
0.096433
-0.430688
0.0889879
-0.42402
0.0631636
-0.366973
0.0971081
-0.351236
0.0992357
-0.281283
-0.152374
-0.489987
-0.105496
-0.474533
-0.0851423
-0.470358
0.0126357
-0.473056
0.035518
-0.458575
0.129335
-0.412251
0.093077
-0.4067
0.158645
-0.373069
0.137964
-0.315146
0.0581151
-0.331302
-0.194012
-0.472692
-0.115477
-0.456606
-0.084734
-0.464502
-0.0182565
-0.448894
0.0478016
-0.403767
0.0899868
-0.3892
0.0881008
-0.375268
0.129152
-0.327397
0.033951
-0.338998
0.081872
-0.300294
-0.20158
-0.45255
-0.19692
-0.434744
-0.103146
-0.454999
-0.0515978
-0.420742
0.0357543
-0.435138
0.0949492
-0.403724
0.114891
-0.35867
0.0967454
-0.372823
0.141428
-0.31133
0.0939157
-0.298708
-0.219892
-0.435184
-0.142988
-0.426135
-0.134298
-0.391676
-0.0103321
-0.404027
0.0313209
-0.369541
0.113689
-0.374381
0.148324
-0.308538
0.147088
-0.297249
0.0897161
-0.341659
0.172609
-0.256553
-0.253222
-0.359561
-0.220162
-0.382688
-0.100649
-0.41063
-0.00739745
-0.404616
0.0604968
-0.373214
0.126673
-0.354283
0.0754755
-0.358329
0.107456
-0.287185
0.0960269
-0.285463
0.0766531
-0.290248
-0.26725
-0.371726
-0.23973
-0.336849
-0.0803496
-0.390796
0.00617758
-0.380635
0.0280167
-0.400211
0.109986
-0.343775
0.0806418
-0.354981
0.0780699
-0.324131
0.0382117
-0.296672
0.0830965
-0.254599
-0.298895
-0.310325
-0.190248
-0.364538
-0.190286
-0.360387
-0.0509201
-0.387529
0.0442033
-0.36001
0.102118
-0.353272
0.141557
-0.351406
0.0994437
-0.30766
0.0759276
-0.311914
0.0340942
-0.324106
-0.289545
-0.281274
-0.223921
-0.293596
-0.183558
-0.349795
-0.0750267
-0.358543
-0.00538141
-0.321199
0.112377
-0.345347
0.0623681
-0.278348
0.037634
-0.301477
0.0258997
-0.316733
-0.0930752
-0.262549
-0.43939
-0.162677
-0.377101
-0.153663
-0.343158
-0.128722
-0.28256
-0.115986
-0.298738
-0.112061
-0.205152
-0.0965038
-0.195239
-0.122071
-0.173041
0.009006
-0.216186
-0.00357631
-0.237639
0.040179
-0.392623
-0.173726
-0.375324
-0.114522
-0.312687
-0.1386
-0.23366
-0.15498
-0.233433
-0.0976773
-0.178028
-0.0342607
-0.158887
-0.0647185
-0.188149
0.021644
-0.169009
0.118601
-0.195777
0.0590581
-0.409922
-0.104988
-0.358615
-0.105092
-0.299815
-0.129517
-0.218174
-0.148006
-0.150388
-0.0649821
-0.161484
-0.140538
-0.0468531
-0.10472
-0.0837147
0.0799539
-0.11978
0.18637
-0.207048
-0.0135555
-0.381154
-0.0462321
-0.34979
-0.0402448
-0.297366
-0.0103862
-0.228184
-0.0771778
-0.0972519
-0.135128
-0.132647
-0.0501188
-0.13663
-0.0658791
-0.116224
0.057916
-0.163986
-0.0817672
-0.142893
0.0624092
-0.363541
-0.0446255
-0.327772
-0.0664646
-0.291961
-0.0721318
-0.247757
-0.0419761
-0.134689
-0.0468588
0.0120195
-0.0437449
-0.0520873
0.0302535
0.0298546
0.168557
-0.117498
0.100893
-0.12784
-0.0518466
-0.392297
0.0249459
-0.34956
0.0121701
-0.273856
-0.0278998
-0.162557
0.0406263
-0.145125
-0.0900109
0.061622
0.161331
0.0196905
0.11706
-0.00789676
0.181009
-0.0721267
0.137364
0.0225607
0.215989
-0.372237
0.11805
-0.333138
0.0344022
-0.246167
0.0784388
-0.167018
0.100127
-0.0394345
0.120759
0.135295
0.0810382
0.0618624
0.11458
0.0977451
0.161291
0.128955
0.177484
0.0277633
0.181275
-0.34682
0.0895099
-0.310522
0.12362
-0.266665
0.0364637
-0.0863237
0.103196
-0.101343
0.0522953
0.111324
0.13781
0.135331
0.0333143
0.0418705
0.165558
0.000543118
0.189071
-0.0232012
0.187699
-0.322097
0.169631
-0.32035
0.0914324
-0.27063
0.134554
-0.0606012
0.144032
0.0594158
0.0998059
0.201803
0.0146128
0.189296
0.118269
0.078188
0.175321
0.0571037
0.178253
-0.0339393
0.109492
-0.290212
0.232315
-0.29895
0.206863
-0.213369
0.207772
-0.132855
0.21597
-0.0358336
0.171866
0.170634
0.18666
0.138506
0.139566
0.125383
0.203806
-0.0191627
0.217998
-0.0891497
0.268519
0.0768128
-0.167582
0.145052
-0.123693
0.192183
-0.0448497
0.263598
0.0530185
0.226041
-0.00417353
0.301215
-0.0284509
0.273094
0.0842046
0.241889
0.133799
0.274154
0.127902
0.292465
0.184644
0.213764
0.0224189
0.161847
0.0963644
0.156567
0.0430045
0.188556
0.143311
0.20926
0.105234
0.163245
0.169387
0.277012
0.108799
0.283148
0.148046
0.229403
0.176812
0.242892
0.221525
0.168434
0.123605
0.185949
0.043267
0.124753
0.138377
0.244331
0.0575532
0.277005
0.0433471
0.282251
0.0305677
0.267483
0.0831171
0.232077
0.171265
0.236199
0.161249
0.268567
0.177368
0.227864
0.0407709
0.12133
0.182608
0.0923525
0.16573
0.159468
0.170912
0.232178
0.129994
0.243585
0.137823
0.256195
0.0719993
0.223052
0.119595
0.19338
0.1904
0.247572
0.23058
0.125005
0.184714
0.0606977
0.206225
0.0989528
0.141175
0.183161
0.18511
0.165768
0.147756
0.236136
0.134883
0.240353
0.13265
0.194579
0.145671
0.224032
0.134045
0.167456
0.202342
0.102171
0.20941
0.140642
0.190412
0.0199486
0.231285
0.111515
0.185406
0.122311
0.181817
0.222954
0.151548
0.191116
0.191323
0.127848
0.193354
0.192734
0.220041
0.228243
0.214262
0.0528942
0.26887
-0.012406
0.239896
0.0813382
0.2301
0.0571249
0.195738
0.1225
0.249565
0.223735
0.178053
0.153133
0.173734
0.169876
0.157854
0.133656
0.214493
0.175017
0.240941
0.0626725
0.219652
0.0315149
0.270272
0.0191187
0.185719
0.100358
0.223178
0.112281
0.19882
0.207488
0.141223
0.200336
0.0768113
0.0764569
0.220927
0.120074
0.181999
0.134793
0.239891
-0.00203041
0.303816
-0.0471209
0.237838
-0.020345
0.266527
0.106715
0.221632
0.138045
0.165979
0.180118
0.141999
0.134723
0.160362
0.0750514
0.202959
0.101125
0.118155
0.0509876
0.259646
0.0222164
0.268987
-0.00622317
0.29871
0.00766687
0.284474
0.0257262
0.257127
0.0543778
0.217705
0.156017
0.164823
0.060366
0.223829
0.0212802
0.237543
-0.0502167
0.250001
-0.0896152
0.257843
0.115881
0.197731
0.164302
0.0880336
0.190822
-0.0319016
0.161749
-0.0920643
0.215894
-0.140313
0.262421
-0.229235
0.262999
-0.237485
0.231142
-0.291185
0.23795
-0.284477
0.284634
-0.295097
0.0838772
0.253819
0.0747016
0.200195
0.190722
0.0914437
0.22312
-0.0656254
0.204704
-0.169797
0.294831
-0.123624
0.267618
-0.185174
0.237182
-0.211564
0.254497
-0.246994
0.292302
-0.228274
0.107356
0.2673
0.121567
0.198811
0.181813
0.110948
0.212221
-0.0767685
0.244927
-0.145276
0.239019
-0.169251
0.261539
-0.196891
0.282122
-0.186971
0.280539
-0.246368
0.311508
-0.289741
0.0708093
0.284158
0.0685965
0.230223
0.165118
0.139201
0.224396
0.0510779
0.245936
-0.102984
0.305177
-0.132317
0.219378
-0.202938
0.246067
-0.177684
0.267092
-0.234552
0.26131
-0.274674
0.0432497
0.290715
-0.0136944
0.279946
0.121936
0.184912
0.18803
0.0235703
0.253822
-0.0373664
0.286822
-0.113963
0.297874
-0.152353
0.203457
-0.244708
0.24322
-0.25567
0.260171
-0.234598
0.0796038
0.301408
0.0681627
0.267134
0.122619
0.209863
0.231082
0.0476447
0.213382
-0.00912708
0.266522
-0.126069
0.233845
-0.177888
0.22963
-0.178451
0.216583
-0.275341
0.277009
-0.258577
0.0709589
0.369287
0.033737
0.320984
0.174567
0.2111
0.151333
0.119916
0.24527
0.0776543
0.289622
-0.0517136
0.301911
-0.100927
0.260736
-0.195937
0.237274
-0.217107
0.265894
-0.237508
-0.0160361
0.366759
0.0338765
0.329667
0.0967794
0.198579
0.205525
0.136601
0.199231
0.0184753
0.279926
-0.125785
0.224788
-0.176856
0.214399
-0.174628
0.204148
-0.217918
0.191859
-0.281946
0.0624609
0.390335
-0.0175176
0.338961
0.0749393
0.258349
0.180297
0.156516
0.232839
-0.0460527
0.257919
-0.0823967
0.210143
-0.182678
0.178522
-0.187538
0.186336
-0.261522
0.154655
-0.338303
0.0962764
0.403421
0.0697427
0.353899
0.0285827
0.287253
0.150888
0.248745
0.243885
0.0604583
0.25641
-0.0234022
0.233595
-0.122604
0.182669
-0.162385
0.100472
-0.203304
0.133345
-0.116408
0.201019
0.63552
0.196479
0.638309
0.255441
0.626587
0.266494
0.658633
0.269979
0.647054
0.323383
0.631383
0.299528
0.656779
0.289505
0.667643
0.29508
0.683405
0.314869
0.696385
0.202914
0.644156
0.192097
0.649601
0.218774
0.653308
0.275516
0.634812
0.29115
0.635895
0.295456
0.655407
0.289078
0.652949
0.285073
0.683217
0.301651
0.683329
0.302331
0.681683
0.18416
0.636054
0.184576
0.654446
0.214496
0.647481
0.268743
0.642401
0.293807
0.621878
0.298817
0.639816
0.286236
0.655493
0.27532
0.671831
0.292001
0.686609
0.286759
0.688001
0.185905
0.665793
0.161946
0.664505
0.235099
0.647855
0.243417
0.654847
0.294947
0.638488
0.322885
0.645157
0.285923
0.668981
0.30143
0.666712
0.269657
0.689003
0.297477
0.68802
0.169903
0.66946
0.146017
0.667748
0.19924
0.658739
0.282078
0.630365
0.255842
0.650565
0.292129
0.651085
0.304136
0.642918
0.291923
0.665296
0.292452
0.682258
0.282256
0.696417
0.148983
0.676427
0.157558
0.681702
0.198297
0.664313
0.251067
0.660171
0.256585
0.670669
0.29473
0.663702
0.262789
0.649531
0.295689
0.681324
0.253086
0.69379
0.290327
0.684696
0.148907
0.697612
0.157093
0.688074
0.176251
0.67739
0.238894
0.669178
0.258647
0.671657
0.285104
0.660918
0.266791
0.674239
0.259503
0.697037
0.269666
0.702744
0.267714
0.705354
0.139911
0.679142
0.148324
0.697842
0.172978
0.678711
0.233465
0.66553
0.249941
0.659148
0.304149
0.664579
0.24745
0.679144
0.266795
0.684501
0.232503
0.696586
0.23416
0.726548
0.137836
0.702742
0.123852
0.687945
0.148141
0.697066
0.224448
0.669903
0.237609
0.667467
0.280114
0.668684
0.26563
0.674579
0.230769
0.699076
0.250906
0.693127
0.232762
0.705122
0.12194
0.710978
0.100964
0.72042
0.157051
0.703953
0.209903
0.704284
0.21623
0.682626
0.267802
0.688967
0.227165
0.699619
0.238654
0.708531
0.206806
0.724423
0.196094
0.748112
0.0145661
-0.419531
-0.0410557
-0.420425
0.0515717
-0.353977
0.147143
-0.279585
0.173908
-0.210528
0.258514
-0.168033
0.251012
0.0351178
0.252385
0.124541
0.286253
0.216943
0.315392
0.298154
-0.0706595
-0.417899
0.00543045
-0.367011
-0.0238699
-0.350116
0.0614338
-0.305221
0.141987
-0.221111
0.257261
0.046818
0.215552
0.0844573
0.208062
0.205662
0.241314
0.292913
0.260304
0.33993
-0.0250312
-0.40582
-0.0605365
-0.358429
-0.00861189
-0.335913
-0.0145119
-0.313615
0.0466549
-0.228213
0.127363
-0.0971475
0.0987533
0.185886
0.132198
0.256744
0.16487
0.319213
0.186145
0.398538
-0.091008
-0.351497
-0.135173
-0.33145
-0.118405
-0.281697
-0.128812
-0.142366
-0.0778339
-0.18836
0.147148
0.015742
0.0333939
0.186916
0.0774133
0.29824
0.0687297
0.358116
0.121035
0.404185
-0.133682
-0.359398
-0.160962
-0.309183
-0.0761694
-0.297791
-0.166543
-0.211116
-0.118259
-0.071887
-0.076426
0.112604
-0.0652264
0.225647
-0.0285805
0.305989
-0.0191394
0.392245
0.0760506
0.455962
-0.184291
-0.326764
-0.237124
-0.234592
-0.266876
-0.169761
-0.17142
-0.131302
-0.217071
-0.0175678
-0.102659
0.197501
-0.163408
0.238651
-0.115764
0.342181
-0.0897745
0.404711
-0.0274237
0.441102
-0.225783
-0.2495
-0.286673
-0.174883
-0.279554
-0.130598
-0.264452
-0.0708315
-0.249303
0.0712955
-0.194917
0.146283
-0.216033
0.246251
-0.179597
0.323442
-0.147786
0.39512
-0.0761769
0.483449
-0.287521
-0.257663
-0.264001
-0.232738
-0.307485
-0.136671
-0.28514
-0.0821755
-0.280663
0.0202982
-0.231156
0.153611
-0.234808
0.237584
-0.254767
0.306068
-0.233648
0.381297
-0.176035
0.488172
-0.289841
-0.20499
-0.343063
-0.177919
-0.329575
-0.044299
-0.340563
-0.0152957
-0.305139
0.0404372
-0.276308
0.120824
-0.30479
0.224404
-0.304722
0.315549
-0.275666
0.388186
-0.314545
0.42574
-0.335331
-0.199335
-0.375329
-0.0601198
-0.388793
-0.0764629
-0.341931
0.0325233
-0.35287
0.106905
-0.31201
0.181219
-0.349821
0.246094
-0.344664
0.345706
-0.361124
0.400244
-0.317288
0.52845
-0.0827677
-0.494498
-0.0501432
-0.495731
-0.0428556
-0.478217
-0.0257097
-0.466641
0.0585688
-0.482901
0.105986
-0.483459
0.11701
-0.467226
0.145734
-0.432733
0.21147
-0.389302
0.278095
-0.298115
-0.084095
-0.510493
-0.0810586
-0.465133
-0.0757703
-0.470093
-0.000129207
-0.471278
-0.00132794
-0.468668
0.0754753
-0.448968
0.0827418
-0.454587
0.154058
-0.414649
0.121798
-0.370658
0.202317
-0.35143
-0.0789683
-0.479089
-0.153033
-0.462415
-0.0863929
-0.484663
-0.0487688
-0.475518
-0.0779155
-0.473296
0.0230209
-0.490398
0.0371919
-0.452547
0.0909866
-0.427149
0.0613324
-0.393443
0.168675
-0.343039
-0.154198
-0.459353
-0.153142
-0.462295
-0.11157
-0.481838
-0.0809484
-0.446702
-0.0824172
-0.474895
-0.0274066
-0.456026
0.00845605
-0.428903
-0.010157
-0.425142
0.0279956
-0.373917
0.0644934
-0.349734
-0.179677
-0.452523
-0.194925
-0.436927
-0.192856
-0.444833
-0.132898
-0.488116
-0.13524
-0.452796
-0.0567391
-0.45151
-0.0507709
-0.457456
-0.0455355
-0.423164
-0.0487761
-0.395995
-0.0365686
-0.335894
-0.227655
-0.440392
-0.243774
-0.428957
-0.226419
-0.438822
-0.197601
-0.441921
-0.19904
-0.438945
-0.100696
-0.448741
-0.12862
-0.447909
-0.156889
-0.391039
-0.15776
-0.363788
-0.150606
-0.350555
-0.276194
-0.402759
-0.284349
-0.406756
-0.213014
-0.453617
-0.234457
-0.416248
-0.250486
-0.4202
-0.149445
-0.441878
-0.208847
-0.422036
-0.184044
-0.415921
-0.216675
-0.368458
-0.251534
-0.299764
-0.314779
-0.431161
-0.300669
-0.420091
-0.326226
-0.422882
-0.275477
-0.441772
-0.266426
-0.463007
-0.228353
-0.454273
-0.240598
-0.436497
-0.282993
-0.351614
-0.284776
-0.372317
-0.356039
-0.276513
-0.346943
-0.377811
-0.379419
-0.408219
-0.387998
-0.387827
-0.321068
-0.437299
-0.343551
-0.416298
-0.297647
-0.419473
-0.325745
-0.386827
-0.335648
-0.376445
-0.387222
-0.317081
-0.410674
-0.273076
-0.386948
-0.365421
-0.419045
-0.366509
-0.414465
-0.385953
-0.379096
-0.383154
-0.389401
-0.381478
-0.346695
-0.393463
-0.392161
-0.373018
-0.422771
-0.32479
-0.467531
-0.270196
-0.48874
-0.140463
0.0938692
-0.491086
0.0834864
-0.500819
0.111467
-0.508478
0.172348
-0.479057
0.174673
-0.482254
0.232555
-0.489976
0.247968
-0.469371
0.297842
-0.423635
0.330944
-0.419651
0.403068
-0.328371
0.109251
-0.510047
0.0283341
-0.492803
0.0570579
-0.518715
0.159795
-0.491
0.171949
-0.473431
0.191288
-0.462722
0.223393
-0.423714
0.267696
-0.421385
0.298701
-0.38805
0.344353
-0.336755
0.0597878
-0.497344
0.0369198
-0.494264
0.0577668
-0.505546
0.128591
-0.494333
0.158807
-0.488084
0.17413
-0.48919
0.183737
-0.451053
0.239374
-0.431102
0.27631
-0.396566
0.330415
-0.350785
0.0438782
-0.477757
0.000340911
-0.478962
-0.0213353
-0.478073
0.044949
-0.482964
0.0989753
-0.478109
0.146664
-0.469143
0.163046
-0.454081
0.185318
-0.431727
0.246848
-0.389805
0.263501
-0.362642
-0.0145277
-0.482605
-0.0583349
-0.499076
-0.060682
-0.495972
0.0281749
-0.492528
0.0413222
-0.492416
0.0782095
-0.513047
0.0950088
-0.479061
0.111159
-0.457581
0.145284
-0.4296
0.197466
-0.367489
-0.0878163
-0.478648
-0.0548514
-0.476099
-0.0789674
-0.48369
0.000298957
-0.477647
-0.00930652
-0.47679
0.0531474
-0.482264
0.0339219
-0.458432
0.0996979
-0.424524
0.0483364
-0.427768
0.109961
-0.397764
-0.0893389
-0.44458
-0.129749
-0.483735
-0.0991135
-0.467707
-0.0872074
-0.486437
-0.085304
-0.479942
0.0164497
-0.476762
-0.0203876
-0.482421
0.0285434
-0.43908
-0.000217341
-0.408852
0.00784507
-0.378856
-0.209273
-0.462477
-0.130649
-0.478633
-0.16856
-0.486221
-0.128119
-0.473664
-0.124005
-0.48977
-0.0501212
-0.493922
-0.088418
-0.489286
-0.057429
-0.454434
-0.0970871
-0.445933
-0.144998
-0.368203
-0.232234
-0.443071
-0.256769
-0.455087
-0.268883
-0.435596
-0.196707
-0.494191
-0.167626
-0.488108
-0.122033
-0.481921
-0.197078
-0.473178
-0.172702
-0.462118
-0.217896
-0.418698
-0.245368
-0.401801
-0.242057
-0.436111
-0.29306
-0.433113
-0.317197
-0.456461
-0.247861
-0.448948
-0.230283
-0.444999
-0.196851
-0.470766
-0.262616
-0.434553
-0.26524
-0.421352
-0.336154
-0.349968
-0.387828
-0.228319
0.238064
0.561293
0.218597
0.571129
0.247451
0.575312
0.255002
0.579495
0.275102
0.57536
0.309535
0.547779
0.287127
0.605988
0.286824
0.621365
0.291656
0.637095
0.301294
0.649583
0.227399
0.574359
0.229968
0.588887
0.237866
0.590331
0.275992
0.559744
0.294189
0.583937
0.322419
0.590154
0.299584
0.581472
0.273811
0.642142
0.27974
0.647569
0.274483
0.676066
0.216717
0.559806
0.218671
0.58517
0.249255
0.561672
0.296759
0.552546
0.280183
0.579045
0.301184
0.574015
0.309762
0.589658
0.28839
0.620483
0.293399
0.639291
0.283529
0.658029
0.215927
0.586874
0.206512
0.560402
0.204099
0.575166
0.264004
0.575409
0.270485
0.584357
0.325454
0.582605
0.269375
0.610871
0.285975
0.636363
0.265129
0.655873
0.265697
0.674317
0.203418
0.571751
0.178606
0.585376
0.247875
0.559843
0.257348
0.566203
0.290087
0.580162
0.300722
0.573714
0.282533
0.592764
0.274517
0.617547
0.254599
0.649378
0.255438
0.667982
0.161263
0.581446
0.180783
0.59998
0.166259
0.584726
0.248111
0.569834
0.232592
0.604087
0.266124
0.603983
0.251017
0.59849
0.231299
0.653229
0.247322
0.655239
0.23839
0.671023
0.171671
0.59009
0.162212
0.607624
0.198545
0.593653
0.219618
0.594444
0.263217
0.591552
0.285481
0.603981
0.261155
0.591178
0.255133
0.631108
0.233093
0.658569
0.20816
0.658204
0.120171
0.587276
0.158743
0.600245
0.159128
0.57404
0.241001
0.576694
0.248316
0.585444
0.293118
0.581999
0.235986
0.611111
0.23867
0.636827
0.198377
0.638749
0.174024
0.686288
0.156548
0.590511
0.150744
0.593508
0.186974
0.576485
0.183689
0.589247
0.2194
0.597385
0.249745
0.594245
0.20285
0.615887
0.182188
0.626169
0.171653
0.644064
0.152494
0.660192
0.141361
0.606084
0.145298
0.616953
0.132901
0.590828
0.196721
0.605512
0.204017
0.612593
0.255275
0.609106
0.187774
0.627208
0.185078
0.63875
0.110128
0.673853
0.0817997
0.711605
-0.0401478
0.400632
0.0419156
0.377322
0.0687481
0.34351
0.193921
0.296059
0.282146
0.230751
0.37632
0.13647
0.352938
0.203905
0.378135
0.0836114
0.406529
0.142031
0.407245
0.143724
-0.000299784
0.421877
0.0252768
0.368872
0.142908
0.307013
0.257247
0.247767
0.317491
0.204531
0.378045
0.181452
0.383982
0.172227
0.41089
0.161553
0.387632
0.143948
0.467206
0.115936
-0.00185713
0.420004
0.10371
0.369685
0.194604
0.312752
0.282945
0.206687
0.351826
0.183885
0.381856
0.187949
0.393049
0.159388
0.420756
0.173155
0.447892
0.0997717
0.448249
0.103539
0.0356848
0.420617
0.0790197
0.377846
0.222557
0.33638
0.256795
0.292159
0.325491
0.212697
0.398288
0.184999
0.397238
0.175818
0.448076
0.14331
0.425404
0.128275
0.450957
0.093659
0.0429789
0.436453
0.0227829
0.393885
0.164352
0.353662
0.291056
0.236885
0.363963
0.190848
0.393333
0.180959
0.42489
0.121957
0.442646
0.124906
0.471635
0.0831849
0.443371
0.154388
0.0101897
0.438326
0.0848486
0.431272
0.157741
0.355125
0.310525
0.278112
0.338548
0.242498
0.407889
0.229135
0.406715
0.161525
0.44092
0.166113
0.444735
0.128467
0.492246
0.058802
0.0335635
0.492748
0.058679
0.417724
0.234429
0.345001
0.307018
0.289372
0.361962
0.249483
0.433406
0.182765
0.417309
0.171876
0.431156
0.128672
0.45751
0.14985
0.455497
0.108646
0.0410443
0.469878
0.0861473
0.437476
0.216611
0.370745
0.319133
0.296734
0.366426
0.2275
0.449006
0.194269
0.429424
0.166642
0.458547
0.170304
0.436269
0.12919
0.47089
0.132053
0.0737709
0.481403
0.123822
0.427179
0.155281
0.388711
0.286692
0.297567
0.410616
0.206096
0.432415
0.183013
0.450398
0.128734
0.428798
0.129619
0.469433
0.102095
0.464178
0.119486
0.0574281
0.523774
0.114604
0.476367
0.177033
0.413694
0.2748
0.351419
0.32609
0.30414
0.45184
0.183184
0.402717
0.187969
0.45261
0.166492
0.417062
0.213097
0.401153
0.241789
0.0816992
0.63231
0.00252514
0.665304
0.00328101
0.66047
0.00794469
0.697569
-0.0192573
0.666377
-0.00730269
0.703807
-0.042832
0.744398
-0.0688751
0.763816
-0.0990045
0.788875
-0.0589249
0.81888
0.0695972
0.646767
0.0689903
0.68429
0.0131225
0.678254
0.0269799
0.72101
0.00796316
0.704838
-0.0090191
0.735607
-0.0145229
0.753955
-0.0503688
0.791817
-0.0344196
0.821015
-0.0497412
0.833519
0.0698944
0.673963
0.066974
0.680778
0.0163858
0.706077
0.0162829
0.70856
-0.00978372
0.716169
-0.0017459
0.730531
-0.0227174
0.76257
-0.0488733
0.796208
-0.0643668
0.824021
-0.0617924
0.841668
0.133057
0.685235
0.107399
0.699706
0.0457235
0.711722
0.0516656
0.739568
0.00232399
0.732079
0.0161408
0.76787
-0.0135168
0.776488
-0.0440262
0.79114
-0.0534981
0.838382
-0.0519918
0.850229
0.181405
0.684677
0.124377
0.706202
0.0785971
0.727768
0.0524098
0.72951
0.046985
0.747542
0.0316561
0.756261
0.00525899
0.785047
-0.00750347
0.812239
-0.0564276
0.827586
-0.04765
0.868757
0.170559
0.704181
0.119254
0.72084
0.0909248
0.73523
0.0703044
0.746004
0.0637973
0.77657
0.065926
0.798055
0.0171484
0.787243
-0.000803565
0.826747
-0.0320073
0.843815
-0.051156
0.863049
0.198709
0.713354
0.155547
0.725135
0.133781
0.736056
0.101795
0.751505
0.0817005
0.774561
0.0866235
0.77911
0.0483918
0.799157
0.0179875
0.818942
-0.0466833
0.860188
-0.0291276
0.869001
0.234808
0.698127
0.181824
0.730658
0.147221
0.731695
0.155315
0.749084
0.101799
0.765428
0.115138
0.781387
0.0738102
0.79532
0.0286389
0.821238
-0.00550757
0.84542
0.0248126
0.872728
0.26279
0.707619
0.239196
0.707971
0.24119
0.72794
0.182408
0.73508
0.165447
0.751621
0.156944
0.757008
0.100728
0.785689
0.046322
0.813822
0.0141729
0.833048
0.0216542
0.855274
0.272333
0.70527
0.257431
0.73361
0.211038
0.72244
0.232024
0.753902
0.221651
0.753822
0.177121
0.782102
0.0994977
0.794525
0.0700907
0.816986
0.0637221
0.85422
0.0856413
0.877353
-0.447566
0.290686
-0.467167
0.307468
-0.457769
0.347786
-0.445847
0.394023
-0.48081
0.413097
-0.522267
0.39023
-0.507776
0.453336
-0.550196
0.493901
-0.575202
0.543016
-0.535616
0.618354
-0.402627
0.308993
-0.418228
0.369828
-0.450803
0.359656
-0.4627
0.400303
-0.470972
0.418094
-0.46688
0.475129
-0.512673
0.477653
-0.524318
0.553835
-0.522094
0.590493
-0.528331
0.634481
-0.386168
0.347663
-0.411448
0.363337
-0.469372
0.365925
-0.455582
0.425294
-0.496102
0.426515
-0.482133
0.450733
-0.515086
0.473405
-0.532387
0.536992
-0.545259
0.592433
-0.547631
0.637358
-0.295404
0.39835
-0.363364
0.406459
-0.429424
0.403452
-0.404345
0.439327
-0.462771
0.45234
-0.450406
0.484096
-0.467148
0.537001
-0.507112
0.553363
-0.531205
0.59874
-0.550957
0.637198
-0.298042
0.366106
-0.342714
0.413481
-0.415065
0.401045
-0.431935
0.427815
-0.463614
0.456764
-0.468569
0.468708
-0.48939
0.49489
-0.519307
0.548122
-0.538325
0.588218
-0.53091
0.655886
-0.250946
0.412224
-0.364479
0.393158
-0.386303
0.425951
-0.4241
0.441074
-0.422731
0.478834
-0.432786
0.50994
-0.474842
0.50514
-0.488113
0.564462
-0.502633
0.614899
-0.541936
0.647139
-0.216704
0.427602
-0.3282
0.416306
-0.381024
0.421758
-0.371454
0.46528
-0.415957
0.483224
-0.415229
0.502206
-0.48347
0.503514
-0.495352
0.561045
-0.531977
0.572849
-0.542063
0.643051
-0.211639
0.409834
-0.278352
0.408352
-0.334922
0.434307
-0.348129
0.456907
-0.400431
0.456175
-0.41583
0.485265
-0.447225
0.493531
-0.475786
0.53549
-0.517315
0.560438
-0.501547
0.637456
-0.130773
0.412783
-0.235011
0.424415
-0.236745
0.435556
-0.317866
0.421952
-0.34838
0.444046
-0.371864
0.46857
-0.446538
0.481302
-0.462344
0.522889
-0.503691
0.544515
-0.540766
0.59132
-0.0541792
0.443979
-0.183469
0.443463
-0.246409
0.424727
-0.236786
0.462353
-0.296206
0.465864
-0.333024
0.499933
-0.425976
0.486065
-0.462019
0.518834
-0.45399
0.564715
-0.429931
0.639077
-0.172557
-0.398248
-0.123968
-0.390275
-0.0568099
-0.34441
-0.242331
-0.276194
-0.136142
-0.341272
-0.114319
-0.199778
-0.0303057
-0.308604
-0.11631
-0.186474
-0.152319
-0.183602
-0.169385
0.165192
-0.109075
-0.398311
-0.207609
-0.336899
-0.0845893
-0.348859
-0.00250667
-0.334172
-0.030418
-0.318919
-0.0476736
-0.27688
0.0279564
-0.259908
-0.166985
-0.107376
-0.106664
-0.103973
-0.191722
0.0720928
-0.110717
-0.427775
-0.078789
-0.40861
-0.0411708
-0.379934
0.0512678
-0.361881
0.0843483
-0.335568
0.142366
-0.300818
0.0251681
-0.28214
0.0661888
-0.268745
0.0132878
-0.215436
-0.0346737
-0.230799
-0.0738763
-0.42289
-0.0307065
-0.385046
0.0076315
-0.384224
0.00822888
-0.344497
0.0999138
-0.364893
0.112197
-0.296136
0.107268
-0.290132
0.047546
-0.27494
0.00609542
-0.287949
-0.0960113
-0.108445
-0.0473734
-0.427233
-0.0227644
-0.40583
0.0633247
-0.394894
0.114253
-0.380704
0.174469
-0.354475
0.199552
-0.331223
0.187734
-0.280455
0.173858
-0.233965
0.153794
-0.195567
0.21297
-0.114398
-0.0367327
-0.416237
0.0744717
-0.378234
0.0481966
-0.378051
0.195376
-0.344911
0.159112
-0.335021
0.233845
-0.301844
0.206197
-0.269327
0.182227
-0.220444
0.143896
-0.215184
0.169105
-0.213394
0.0205739
-0.379753
0.0247516
-0.385165
0.157594
-0.355779
0.196388
-0.348386
0.231463
-0.324693
0.263401
-0.297727
0.229119
-0.304999
0.215197
-0.281413
0.232335
-0.207324
0.194889
-0.208293
0.0904438
-0.389246
0.111898
-0.363709
0.129417
-0.395915
0.248104
-0.337527
0.252659
-0.322204
0.26848
-0.300235
0.213657
-0.317751
0.258833
-0.292356
0.146829
-0.284941
0.0822458
-0.256189
0.0953875
-0.396498
0.102839
-0.375899
0.135835
-0.377525
0.186274
-0.372671
0.261271
-0.356049
0.270624
-0.344728
0.25499
-0.328008
0.210199
-0.300219
0.181254
-0.332879
0.162229
-0.281637
0.14
-0.337993
0.181237
-0.327458
0.149743
-0.378587
0.221643
-0.339226
0.223035
-0.329459
0.298926
-0.313893
0.263047
-0.280601
0.257453
-0.263108
0.12808
-0.293668
-0.0680444
-0.253534
-0.830103
0.392603
-0.785793
0.452716
-0.764004
0.451643
-0.766674
0.436608
-0.724494
0.416954
-0.721039
0.46445
-0.695364
0.452471
-0.692203
0.470938
-0.681058
0.457543
-0.672778
0.481624
-0.780423
0.406523
-0.77285
0.436191
-0.750195
0.409472
-0.707337
0.414627
-0.703748
0.383737
-0.687173
0.440994
-0.667434
0.423686
-0.669084
0.448014
-0.656409
0.458997
-0.639075
0.466301
-0.766373
0.372356
-0.74107
0.365051
-0.718344
0.379704
-0.695945
0.374415
-0.655931
0.376647
-0.633075
0.39863
-0.629521
0.383297
-0.61918
0.413431
-0.610026
0.4451
-0.61189
0.418631
-0.721623
0.33082
-0.712119
0.33298
-0.695788
0.321407
-0.668587
0.344303
-0.601034
0.356249
-0.603801
0.367163
-0.608928
0.381897
-0.598554
0.377192
-0.595794
0.400704
-0.596084
0.410427
-0.7182
0.288708
-0.680661
0.326467
-0.658577
0.28422
-0.62438
0.295074
-0.588518
0.320845
-0.562535
0.344666
-0.565372
0.336086
-0.556078
0.361338
-0.544064
0.380825
-0.53898
0.383382
-0.668864
0.292923
-0.628751
0.291146
-0.615071
0.295795
-0.562547
0.293537
-0.562825
0.296443
-0.531693
0.309929
-0.532697
0.330383
-0.512073
0.35326
-0.526982
0.354555
-0.4907
0.375678
-0.62359
0.284343
-0.585797
0.255522
-0.557318
0.265432
-0.538685
0.260387
-0.498813
0.279352
-0.460209
0.282761
-0.472844
0.288486
-0.446389
0.344574
-0.446339
0.368663
-0.451651
0.357765
-0.582594
0.213228
-0.55556
0.246134
-0.52172
0.228274
-0.478542
0.233392
-0.458801
0.218284
-0.416545
0.26616
-0.425172
0.25116
-0.393462
0.316595
-0.414197
0.290405
-0.441818
0.312801
-0.534357
0.184024
-0.511403
0.189812
-0.512607
0.199259
-0.455123
0.131345
-0.402023
0.192567
-0.396631
0.176179
-0.383156
0.206966
-0.363281
0.254003
-0.358655
0.275819
-0.371768
0.294196
-0.459774
0.193258
-0.455921
0.209569
-0.404432
0.167315
-0.363766
0.224942
-0.345337
0.223457
-0.285124
0.233736
-0.275528
0.264176
-0.239432
0.300961
-0.336133
0.278603
-0.380316
0.2946
-0.374815
-0.315329
-0.255151
-0.30156
-0.241912
-0.309981
-0.286081
-0.222712
-0.199423
-0.237148
-0.1554
-0.207415
-0.157145
-0.187613
-0.254568
-0.0495604
-0.277544
-0.0134017
-0.312562
0.0798709
-0.31159
-0.315178
-0.314558
-0.250441
-0.209883
-0.245944
-0.117437
-0.265872
-0.180522
-0.212117
-0.164415
-0.193807
-0.105399
-0.161565
-0.24879
-0.0390232
-0.268842
0.00810377
-0.247099
0.0453134
-0.325067
-0.2893
-0.167975
-0.280062
-0.17618
-0.27004
-0.0023262
-0.290618
0.0104886
-0.237552
0.0324646
-0.226851
0.0269917
-0.186552
-0.133176
-0.125479
-0.197944
0.0286915
-0.264805
-0.0239594
-0.261768
-0.293658
-0.179983
-0.268669
-0.0968024
-0.267063
-0.0295756
-0.262749
-0.0150734
-0.191277
0.0338582
-0.215422
-0.0496919
-0.195564
0.00869697
-0.069543
-0.205005
0.0581797
-0.202366
0.114208
-0.188745
-0.25641
-0.157967
-0.233723
-0.0906142
-0.236876
-0.0221482
-0.266743
0.0919443
-0.251857
0.16718
-0.147889
0.0244108
-0.197643
-0.0456777
-0.0675421
-0.141734
0.0295405
-0.0980873
0.145126
-0.210302
-0.222613
-0.14581
-0.163461
-0.0416615
-0.210019
0.0892127
-0.214925
0.101669
-0.173387
0.205914
-0.0934003
0.122204
-0.166664
-0.0495039
0.0283243
-0.0910389
-0.129408
-0.139438
0.148656
-0.220507
-0.093555
-0.124938
-0.150386
-0.0370574
-0.116547
0.146965
-0.125886
0.206279
-0.0997063
0.237082
-0.0861457
0.199608
-0.0721437
0.188497
0.0509725
0.0691332
0.114198
-0.0784618
0.151851
-0.127437
-0.103778
0.0221385
0.0298847
0.142292
-0.00803804
0.236242
-0.114281
0.206851
-0.137348
0.248288
-0.105741
0.221671
-0.0729824
0.157514
0.0768912
0.0341235
0.131695
-0.13675
0.10379
-0.127156
0.134131
-0.0512624
-0.0921816
0.0311567
-0.0122916
0.235954
-0.124244
0.258012
-0.0696584
0.276195
-0.0674202
0.195844
-0.0837119
0.158486
-0.0982062
0.183435
-0.0279389
0.0403975
-0.0494631
-0.0112439
0.233111
0.0882337
0.206956
0.203209
0.123017
0.229806
0.0860388
0.21828
-0.0293348
0.268899
0.0239989
0.242633
-0.0122372
0.192839
0.142056
0.015571
0.179137
-0.189644
0.212215
-0.0235513
-0.702942
-0.0371291
-0.668907
-0.0915581
-0.636656
-0.25955
-0.557916
-0.151169
-0.563246
-0.159965
-0.490164
-0.213716
-0.468093
-0.270006
-0.420749
-0.291537
-0.398413
-0.403159
-0.337159
0.0385125
-0.700533
-0.0455808
-0.662836
-0.0565755
-0.626193
-0.0464946
-0.602551
-0.0931789
-0.551224
-0.147591
-0.519381
-0.104013
-0.521937
-0.247876
-0.419041
-0.23154
-0.371883
-0.32885
-0.340668
0.0700864
-0.71069
0.0679256
-0.661028
0.046505
-0.645916
0.0558992
-0.615943
0.0180864
-0.576878
0.00900306
-0.563084
-0.115302
-0.517769
-0.0774028
-0.515365
-0.12162
-0.446838
-0.189295
-0.423407
0.0955227
-0.709053
0.0908548
-0.664159
0.106161
-0.629837
0.0424056
-0.60487
0.082964
-0.592321
0.018805
-0.554433
-0.0285408
-0.542363
-0.0365725
-0.483846
-0.111197
-0.462622
-0.203728
-0.400993
0.153826
-0.700686
0.12567
-0.683347
0.130961
-0.646249
0.148313
-0.620572
0.133172
-0.583975
0.0898632
-0.555797
0.0899412
-0.534343
-0.00160391
-0.518764
-0.045625
-0.45695
-0.163349
-0.458515
0.180106
-0.681984
0.184859
-0.644596
0.184181
-0.614765
0.189146
-0.586712
0.144829
-0.576121
0.15398
-0.542419
0.120983
-0.520617
0.0378926
-0.469939
-0.0520074
-0.467947
-0.0341599
-0.443542
0.234147
-0.660366
0.234194
-0.634861
0.257912
-0.605655
0.239264
-0.571902
0.237591
-0.548946
0.206599
-0.541686
0.17321
-0.523807
0.121442
-0.486929
0.0667907
-0.449867
-0.0282948
-0.447344
0.276793
-0.663026
0.273094
-0.615345
0.255986
-0.610623
0.288084
-0.575191
0.243626
-0.586445
0.243313
-0.53454
0.172288
-0.525024
0.136069
-0.485939
0.0623395
-0.46631
-0.0156048
-0.460793
0.328066
-0.638699
0.292847
-0.617039
0.259857
-0.595074
0.268078
-0.583381
0.275053
-0.558335
0.268085
-0.554
0.24231
-0.512584
0.14917
-0.527491
0.142419
-0.489597
0.0268893
-0.490419
0.366451
-0.590769
0.376835
-0.578603
0.347114
-0.558742
0.322478
-0.555112
0.293579
-0.528724
0.305514
-0.503173
0.239939
-0.511067
0.213158
-0.487106
0.0377546
-0.478643
-0.115255
-0.43037
-0.370845
-0.524619
-0.346464
-0.518112
-0.405919
-0.453235
-0.414758
-0.40643
-0.424485
-0.398893
-0.436031
-0.379596
-0.448039
-0.34382
-0.445942
-0.348835
-0.492964
-0.275832
-0.517966
-0.246597
-0.306594
-0.558677
-0.382487
-0.494471
-0.390535
-0.482625
-0.354751
-0.448384
-0.370974
-0.453802
-0.426691
-0.399855
-0.420495
-0.408204
-0.448885
-0.31377
-0.481488
-0.250756
-0.514702
-0.238206
-0.320321
-0.556037
-0.290404
-0.562499
-0.328204
-0.514436
-0.314813
-0.501931
-0.297055
-0.475469
-0.306388
-0.477733
-0.352275
-0.433197
-0.380752
-0.407087
-0.442093
-0.340139
-0.460123
-0.304908
-0.270255
-0.582556
-0.309744
-0.533515
-0.280718
-0.547848
-0.330095
-0.479425
-0.296279
-0.48811
-0.298935
-0.478325
-0.367646
-0.434796
-0.401423
-0.402976
-0.392244
-0.384586
-0.43771
-0.340619
-0.244561
-0.58958
-0.275595
-0.552722
-0.241137
-0.561503
-0.215578
-0.553319
-0.251776
-0.518828
-0.267357
-0.518452
-0.327412
-0.490597
-0.342822
-0.442069
-0.38098
-0.397346
-0.413044
-0.383376
-0.20628
-0.633265
-0.201839
-0.580199
-0.212441
-0.588695
-0.212145
-0.567951
-0.252421
-0.549774
-0.297752
-0.50797
-0.290804
-0.500496
-0.36112
-0.445472
-0.359767
-0.426845
-0.381384
-0.401667
-0.230545
-0.601397
-0.199078
-0.597548
-0.174317
-0.589991
-0.222329
-0.567612
-0.193451
-0.574718
-0.223365
-0.528883
-0.275616
-0.517254
-0.316866
-0.486219
-0.380411
-0.421706
-0.377315
-0.431612
-0.171347
-0.65414
-0.173638
-0.626354
-0.208557
-0.626692
-0.170937
-0.617112
-0.188441
-0.588067
-0.212776
-0.567683
-0.230891
-0.555664
-0.290756
-0.521494
-0.323414
-0.505751
-0.408032
-0.423787
-0.191839
-0.676226
-0.179665
-0.652289
-0.258676
-0.624788
-0.188495
-0.623696
-0.160091
-0.629231
-0.209233
-0.594657
-0.232559
-0.582877
-0.274963
-0.539726
-0.328522
-0.516107
-0.353397
-0.490592
-0.172749
-0.660916
-0.191512
-0.629971
-0.188065
-0.631363
-0.183555
-0.643449
-0.228393
-0.606076
-0.18302
-0.596441
-0.22726
-0.576559
-0.276173
-0.53401
-0.374714
-0.486328
-0.486624
-0.428398
-0.370191
-0.230863
-0.308393
-0.270211
-0.343826
-0.196613
-0.33996
-0.18484
-0.348112
-0.173724
-0.315462
-0.124966
-0.35372
-0.136869
-0.376214
-0.086815
-0.392185
-0.083372
-0.387293
-0.0890742
-0.307334
-0.22317
-0.360866
-0.192307
-0.29149
-0.158259
-0.286405
-0.200905
-0.320051
-0.207069
-0.337699
-0.138674
-0.323913
-0.10711
-0.369184
-0.035273
-0.348906
-0.0594613
-0.412926
-0.0658036
-0.262544
-0.287229
-0.232795
-0.241874
-0.275435
-0.235385
-0.213437
-0.231365
-0.240938
-0.189527
-0.192594
-0.183173
-0.265247
-0.18099
-0.270675
-0.191795
-0.357306
-0.0732861
-0.33422
-0.150491
-0.307492
-0.263725
-0.293093
-0.229998
-0.215829
-0.275704
-0.269109
-0.181858
-0.0952594
-0.211974
-0.235301
-0.174389
-0.257192
-0.217611
-0.267826
-0.143212
-0.330826
-0.131328
-0.325535
-0.122711
-0.251578
-0.246823
-0.180437
-0.297216
-0.186367
-0.25111
-0.162864
-0.282058
-0.17272
-0.244348
-0.0792491
-0.274316
-0.206235
-0.214732
-0.22971
-0.228249
-0.266139
-0.177069
-0.309321
-0.148046
-0.240707
-0.245494
-0.226677
-0.198326
-0.198293
-0.21697
-0.00909366
-0.258995
-0.102456
-0.260656
-0.0524305
-0.22429
-0.075248
-0.260559
-0.22646
-0.158892
-0.255008
-0.185595
-0.282407
-0.153475
-0.098533
-0.224359
-0.150133
-0.22056
-0.0460351
-0.263883
-0.0403843
-0.288675
-0.0366856
-0.268609
-0.00803364
-0.239166
-0.0954615
-0.208676
-0.221106
-0.198975
-0.224405
-0.153002
-0.222852
-0.208388
-0.111236
-0.2108
-0.103979
-0.22897
-0.059649
-0.304843
0.0514999
-0.251719
0.0460039
-0.285788
0.0464001
-0.275562
-0.00880349
-0.301024
-0.192384
-0.210298
-0.215004
-0.222395
-0.290104
-0.194263
-0.110408
-0.262958
-0.057576
-0.311582
-0.0949998
-0.273318
-0.00687161
-0.305363
0.0276236
-0.306587
0.0104061
-0.330279
-0.0904973
-0.293222
-0.108349
-0.267422
-0.200024
-0.267449
-0.224821
-0.2769
-0.0423915
-0.220196
-0.0830736
-0.214848
-0.0357558
-0.247233
0.0103935
-0.268744
-0.0142589
-0.314675
0.137489
-0.28691
-0.00924881
-0.296826
-0.0648848
-0.254818
-0.236892
-0.249121
-0.32737
-0.241089
0.316876
0.0786188
0.406087
0.0916322
0.40512
0.118262
0.397824
0.18383
0.39268
0.164282
0.454865
0.1508
0.39611
0.194451
0.409982
0.204875
0.377518
0.221383
0.370088
0.250378
0.387413
0.130758
0.342823
0.178449
0.391375
0.214426
0.382668
0.207874
0.419401
0.169116
0.353046
0.274221
0.431971
0.220319
0.367147
0.271402
0.334748
0.276236
0.333139
0.300281
0.374339
0.171285
0.358948
0.222213
0.370589
0.195949
0.423163
0.157087
0.406725
0.211148
0.433057
0.201248
0.37758
0.252368
0.396725
0.241524
0.331053
0.314266
0.342913
0.296547
0.351686
0.238882
0.322257
0.213269
0.340202
0.226415
0.354547
0.246029
0.404336
0.1843
0.384957
0.27742
0.402048
0.25707
0.36063
0.313069
0.354265
0.291471
0.320023
0.334698
0.299419
0.280206
0.299729
0.275447
0.338325
0.257349
0.411987
0.247135
0.394617
0.224372
0.381702
0.237396
0.41126
0.259479
0.341015
0.270038
0.357015
0.324916
0.325929
0.292451
0.307005
0.31555
0.303534
0.324652
0.319124
0.25651
0.376738
0.291716
0.360064
0.314977
0.376935
0.313941
0.326864
0.283947
0.354762
0.323775
0.319917
0.339279
0.282805
0.350826
0.274647
0.349985
0.278304
0.328847
0.315204
0.341129
0.361331
0.327172
0.352165
0.320312
0.379092
0.308814
0.354126
0.304651
0.338593
0.352183
0.318959
0.335131
0.318791
0.335708
0.27936
0.344711
0.257913
0.365761
0.263679
0.322039
0.345683
0.316765
0.347094
0.295216
0.390147
0.303849
0.327602
0.322462
0.291835
0.342398
0.297008
0.288701
0.214487
0.350485
0.257251
0.358493
0.255304
0.343186
0.266821
0.337879
0.326201
0.306593
0.33231
0.323538
0.354097
0.277374
0.318205
0.318658
0.272596
0.338758
0.216041
0.33816
0.210732
0.316867
0.225137
0.392004
0.196446
0.395182
0.217799
0.353605
0.295146
0.347575
0.289383
0.323552
0.32097
0.339431
0.261451
0.3255
0.225624
0.356073
0.180598
0.348653
-0.017172
0.363706
-0.285865
-0.258855
-0.218771
-0.283341
-0.170356
-0.314307
-0.115165
-0.315203
-0.132647
-0.323603
-0.0265203
-0.388053
-0.043228
-0.38116
-0.0195661
-0.379111
-0.0296625
-0.361884
0.0726123
-0.36559
-0.250436
-0.174965
-0.267505
-0.209659
-0.163029
-0.272543
-0.172293
-0.264382
-0.0266106
-0.307382
-0.0419391
-0.288229
0.000265348
-0.343005
-0.00479569
-0.325003
0.0495922
-0.307254
0.0479915
-0.311148
-0.224596
-0.249745
-0.204368
-0.201807
-0.0975004
-0.264873
-0.115723
-0.294128
-0.083381
-0.300993
0.0486354
-0.310994
0.0395577
-0.315302
0.0189289
-0.329264
0.0713182
-0.32405
0.0996746
-0.310747
-0.274364
-0.127103
-0.248827
-0.191562
-0.16082
-0.20533
-0.0636206
-0.280429
-0.0479659
-0.301144
0.0723654
-0.271721
0.0520534
-0.291715
0.0342734
-0.269759
0.0726064
-0.278557
0.109765
-0.312912
-0.20014
-0.0920485
-0.230442
-0.0885832
-0.122075
-0.225719
-0.00957449
-0.227303
0.0748782
-0.245445
0.144607
-0.268277
0.151572
-0.243453
0.129771
-0.268188
0.129359
-0.305443
0.138616
-0.255807
-0.164794
0.0183315
-0.155752
-0.0785101
-0.187886
-0.0855833
0.0757373
-0.109786
0.160678
-0.176894
0.227675
-0.139404
0.0852005
-0.24705
0.120209
-0.237922
0.118082
-0.221546
0.123388
-0.265848
-0.127573
0.195438
-0.184686
0.0755306
0.122186
-0.016304
0.0653111
-0.115363
0.217725
-0.0425176
0.23537
-0.14399
0.198447
-0.222449
0.171478
-0.163916
0.180729
-0.185183
0.160222
-0.225596
-0.0995239
0.118421
0.0437376
0.233754
-0.120832
0.0294936
0.211724
0.0507648
0.204643
-0.14791
0.283953
-0.0679116
0.212042
-0.136823
0.239068
-0.190022
0.0818844
-0.295013
0.162638
-0.246507
0.0370817
0.224673
0.0541291
0.111665
0.164072
0.0342438
0.182044
-0.114617
0.288306
-0.116965
0.274695
-0.192661
0.191494
-0.258203
0.165729
-0.239972
0.149777
-0.267735
0.100024
-0.329764
0.0968816
0.210522
0.105413
0.177625
0.176485
0.0712312
0.237315
0.0780795
0.286831
-0.0564634
0.318905
-0.00965863
0.234189
-0.192099
0.180312
-0.2035
0.140553
-0.256768
0.0259182
-0.288633
-0.0202311
0.53303
0.0094156
0.562788
0.00520116
0.587826
0.0213356
0.618044
0.0516997
0.619641
0.0233838
0.629381
0.0230745
0.671305
0.00968693
0.71771
0.0105812
0.744856
0.0859861
0.777813
0.0219646
0.576267
0.0246956
0.592986
0.00674084
0.606158
0.0271532
0.620478
0.0396557
0.634552
0.0601449
0.670218
0.0260333
0.682561
0.0356298
0.721198
0.0757046
0.760927
0.0498351
0.800702
0.0703298
0.571865
0.0125449
0.596321
0.0146793
0.609136
0.0316612
0.636568
-0.0096444
0.653198
0.0194437
0.666451
0.00235269
0.71644
0.0215166
0.746316
0.0479479
0.764245
0.0526195
0.792157
0.0661774
0.596858
0.0417104
0.622903
-0.00293302
0.618218
0.0497544
0.660578
0.0140777
0.663796
0.0914054
0.691402
0.0390036
0.714218
0.0433372
0.747191
0.0488259
0.775002
0.0626067
0.794347
0.0453335
0.618392
0.0418141
0.614428
0.00446073
0.633712
0.0697643
0.647457
0.0449889
0.673021
0.0673333
0.689369
0.0518927
0.719312
0.0373022
0.742052
0.0383056
0.778948
0.0588954
0.803708
0.0805777
0.615868
0.0350355
0.643532
0.0186796
0.646147
0.0534962
0.66272
0.0431401
0.6819
0.0773376
0.721022
0.0184294
0.725925
0.0474798
0.763345
-0.00439476
0.778463
0.0499644
0.799269
0.0768941
0.621834
0.0506142
0.64203
0.0637968
0.643891
0.045034
0.665418
0.0573857
0.691892
0.0765828
0.700712
0.0445627
0.716895
0.0526757
0.755094
0.0478935
0.78398
0.029445
0.80899
0.0917483
0.617896
0.0876539
0.627108
0.0592606
0.645684
0.0804886
0.654048
0.063284
0.684429
0.109873
0.687496
0.0711829
0.72135
0.063776
0.740567
0.0208905
0.769212
0.0792587
0.790458
0.162929
0.595421
0.0888441
0.616835
0.123469
0.628103
0.105715
0.641652
0.116395
0.655319
0.10263
0.685471
0.0828687
0.695149
0.0623542
0.712999
0.0459198
0.743968
0.01053
0.761183
0.138877
0.609852
0.150736
0.634891
0.10327
0.630737
0.149608
0.646065
0.134976
0.663972
0.126501
0.686394
0.0650426
0.693605
0.0389758
0.728883
0.054205
0.747991
0.092206
0.759266
-0.0463183
0.546961
-0.108998
0.573584
-0.0670396
0.610074
-0.100263
0.636772
-0.0755215
0.67277
-0.127712
0.684821
-0.0818025
0.718566
-0.146063
0.766448
-0.11683
0.830817
-0.0610437
0.867578
-0.0560188
0.56692
-0.0638401
0.596261
-0.118213
0.615139
-0.0677901
0.655951
-0.0972688
0.67668
-0.0337605
0.725802
-0.0816146
0.743702
-0.0793781
0.796554
-0.0662729
0.841015
-0.0876212
0.880822
-0.0208735
0.5992
-0.0604567
0.605424
-0.0272192
0.636938
-0.0796183
0.652342
-0.0940731
0.701223
-0.0817417
0.707659
-0.0639314
0.770997
-0.102856
0.79507
-0.0688247
0.842477
-0.0675197
0.884381
0.074495
0.607615
-0.0161329
0.634409
-0.0538394
0.644658
-0.0359331
0.683425
-0.0493648
0.704214
0.00112709
0.728875
-0.0478496
0.77483
-0.0946618
0.812475
-0.060079
0.849486
-0.0347076
0.877644
0.0910685
0.585484
0.0169668
0.629634
0.0130246
0.667753
-0.0209972
0.675042
-0.00108358
0.705362
-0.0176447
0.746785
-0.0261021
0.778656
-0.0256589
0.807697
-0.0388417
0.852985
-0.0279104
0.887235
0.0919967
0.599917
0.0606558
0.65066
0.0273423
0.682587
0.0383218
0.699347
0.0373455
0.712477
0.0651384
0.746374
-0.00155904
0.786777
-0.00282572
0.828604
-0.0282719
0.853938
0.00216177
0.88528
0.130614
0.622046
0.095087
0.655043
0.0483402
0.676015
0.0653986
0.699683
0.0504273
0.729597
0.0522074
0.750825
0.0191525
0.776976
0.0272136
0.815785
0.0114117
0.861005
0.00215014
0.888214
0.168949
0.606392
0.109795
0.654923
0.0850841
0.664328
0.107388
0.673336
0.0702996
0.706594
0.093058
0.73253
0.06215
0.760775
0.0541279
0.807242
0.0269
0.841117
0.0968999
0.869509
0.212736
0.593666
0.180627
0.613677
0.173897
0.637919
0.17368
0.645956
0.117859
0.679632
0.121256
0.707898
0.112746
0.741908
0.0961578
0.77999
0.0889604
0.802721
0.0716827
0.83879
0.281164
0.587508
0.231676
0.615632
0.194905
0.606835
0.215819
0.65889
0.212827
0.663173
0.164697
0.715316
0.146535
0.738444
0.134497
0.772325
0.127689
0.811479
0.203225
0.831603
-0.152948
0.620563
-0.22799
0.609844
-0.224654
0.624873
-0.199151
0.668739
-0.255436
0.683787
-0.282217
0.700365
-0.24826
0.773355
-0.246329
0.805136
-0.262207
0.85878
-0.225145
0.907953
-0.144444
0.59606
-0.150386
0.638051
-0.202628
0.645479
-0.17422
0.679366
-0.245346
0.679345
-0.169817
0.758428
-0.24736
0.780601
-0.240265
0.828303
-0.217556
0.871631
-0.217974
0.916024
-0.101734
0.611887
-0.13732
0.643973
-0.123626
0.661299
-0.202074
0.67744
-0.20017
0.715351
-0.22472
0.741986
-0.211094
0.781914
-0.211141
0.823684
-0.218604
0.867171
-0.210024
0.91328
-0.0479494
0.62377
-0.100371
0.656027
-0.128828
0.668665
-0.0994818
0.70762
-0.164378
0.717313
-0.125356
0.761351
-0.172093
0.787962
-0.189464
0.833852
-0.174571
0.868408
-0.159864
0.916195
0.0183133
0.61962
-0.0441465
0.643961
-0.0764585
0.661244
-0.101754
0.692124
-0.100902
0.719958
-0.125143
0.749959
-0.149913
0.778874
-0.169277
0.814903
-0.145799
0.854112
-0.140955
0.910836
0.0397988
0.625358
-0.00498234
0.652045
-0.0616186
0.680358
-0.0466005
0.701973
-0.0710852
0.727768
-0.0529512
0.777498
-0.118432
0.785237
-0.107925
0.834337
-0.113955
0.865837
-0.121753
0.901177
0.0876283
0.631227
0.0343474
0.648968
-0.00468593
0.675754
0.0147724
0.702035
-0.0379799
0.727622
-0.0380452
0.753062
-0.0639311
0.780123
-0.0824955
0.830391
-0.0872722
0.873965
-0.0899344
0.892939
0.114804
0.618306
0.110134
0.648618
0.0688614
0.668082
0.0409485
0.692969
0.0237255
0.714796
-0.00825793
0.7355
-0.0260588
0.763103
-0.0476843
0.803251
-0.0748604
0.831323
0.00941585
0.884803
0.220078
0.578846
0.143355
0.621663
0.15175
0.640469
0.124311
0.653528
0.0941701
0.689819
0.0646005
0.71025
0.0421034
0.745942
0.0101767
0.775009
-0.0131546
0.810632
-0.0338521
0.844288
0.2336
0.579621
0.195708
0.617572
0.151974
0.620078
0.16099
0.658254
0.155388
0.671765
0.0888783
0.716894
0.0675157
0.734462
0.0383575
0.779516
0.0648482
0.811705
0.137772
0.849689
-0.223952
0.579738
-0.265606
0.595433
-0.27294
0.646308
-0.231008
0.695493
-0.293071
0.707738
-0.30059
0.734722
-0.278097
0.820814
-0.328255
0.834614
-0.344438
0.882721
-0.319829
0.951538
-0.21217
0.58528
-0.192672
0.633281
-0.232107
0.66278
-0.255909
0.691921
-0.276058
0.71466
-0.243831
0.779678
-0.27812
0.809118
-0.307103
0.855447
-0.299629
0.911809
-0.326661
0.945445
-0.16419
0.607886
-0.205897
0.616382
-0.255655
0.657849
-0.272159
0.678398
-0.302005
0.715898
-0.295498
0.750324
-0.315395
0.801442
-0.323895
0.848142
-0.357259
0.905668
-0.371323
0.93662
-0.162335
0.60253
-0.184776
0.6514
-0.23538
0.672695
-0.235868
0.704707
-0.281297
0.725746
-0.282661
0.757619
-0.294289
0.80454
-0.342924
0.84377
-0.358187
0.890153
-0.365198
0.932139
-0.118856
0.598719
-0.182436
0.630245
-0.273562
0.638458
-0.234319
0.679324
-0.251866
0.718241
-0.265083
0.747029
-0.334797
0.775921
-0.346367
0.826966
-0.388743
0.861966
-0.392822
0.906501
-0.122145
0.608029
-0.17198
0.616342
-0.234223
0.646928
-0.23882
0.672899
-0.229854
0.721096
-0.252417
0.755754
-0.341283
0.769199
-0.349294
0.819946
-0.373038
0.853676
-0.425154
0.887726
-0.068483
0.614242
-0.1316
0.650013
-0.198649
0.660458
-0.215873
0.674105
-0.257976
0.696443
-0.264666
0.727985
-0.335464
0.753109
-0.382159
0.783687
-0.403055
0.834827
-0.462092
0.858684
-0.0624179
0.579938
-0.117567
0.633576
-0.203566
0.630615
-0.197427
0.652261
-0.255708
0.668817
-0.279224
0.697729
-0.338547
0.714304
-0.391582
0.747664
-0.430595
0.779171
-0.448174
0.830847
-0.0251328
0.571861
-0.146229
0.583982
-0.120474
0.616595
-0.195764
0.594146
-0.264124
0.63415
-0.272197
0.657575
-0.334151
0.689646
-0.404499
0.693562
-0.43377
0.735397
-0.516378
0.746638
-0.0459063
0.54777
-0.0605316
0.587288
-0.197769
0.556623
-0.166443
0.612531
-0.223752
0.612671
-0.269071
0.641478
-0.366135
0.634695
-0.401085
0.682205
-0.47417
0.69191
-0.463479
0.741882
0.0116123
-0.412731
0.0537242
-0.396251
0.113172
-0.359784
0.204452
-0.260431
0.177548
-0.255351
0.310299
-0.231022
0.335796
-0.122188
0.323372
-0.038809
0.26097
0.105329
0.154564
0.260356
0.0545401
-0.366993
0.0343382
-0.340596
0.183466
-0.311545
0.215615
-0.260377
0.280147
-0.173034
0.317211
-0.108794
0.300933
-0.0361505
0.273224
0.0971865
0.200035
0.209997
0.123177
0.313177
0.09233
-0.334963
0.173372
-0.298327
0.180087
-0.281738
0.221048
-0.236093
0.274641
-0.14929
0.31932
-0.082592
0.293289
-0.0233767
0.254667
0.0917607
0.136665
0.236854
0.0934194
0.293699
0.136513
-0.276161
0.0993206
-0.207964
0.197064
-0.206756
0.237269
-0.0761466
0.290051
-0.0935753
0.320618
-0.034628
0.281693
0.0190373
0.198873
0.146261
0.0680168
0.26605
-0.0231674
0.298287
0.159227
-0.236575
0.0928146
-0.254784
0.187331
-0.0808613
0.218308
-0.214593
0.289682
-0.0206376
0.3284
-0.0448441
0.277557
0.0292693
0.144226
0.187586
0.0262157
0.24303
-0.0936419
0.279655
0.228831
-0.156663
0.171398
-0.0365341
0.181416
-0.0534305
0.263945
0.0150929
0.274811
0.0341619
0.303616
0.0404913
0.216007
0.0394853
0.0606491
0.201631
-0.101905
0.250776
-0.168779
0.266999
0.234734
0.00356511
0.194693
0.0813005
0.20765
0.0810627
0.266871
-0.00671892
0.247425
0.0932228
0.244392
-0.0123915
0.167965
0.0396558
0.121061
0.138393
-0.162657
0.180069
-0.260927
0.1448
0.234714
-0.0620533
0.182634
0.0772944
0.193943
-0.0181887
0.301872
0.00393409
0.216736
-0.0647178
0.247044
-0.0299491
-0.00924714
-0.118658
-0.139117
0.00764139
-0.273199
0.00691502
-0.393257
0.0770312
0.246255
0.0314006
0.169524
-0.0813589
0.17433
-0.0914759
0.143955
-0.224628
0.178116
-0.167123
0.16708
-0.234375
-0.047601
-0.236249
-0.224393
-0.154384
-0.340374
-0.106822
-0.395741
-0.067495
0.228948
-0.0078804
0.229129
0.0315126
0.0572576
-0.13668
0.230012
-0.108967
0.110511
-0.234882
0.148903
-0.180547
-0.190899
-0.223223
-0.295008
-0.0935805
-0.417898
-0.0640009
-0.526726
-0.0426777
-0.325078
-0.178823
-0.362423
-0.12029
-0.31209
-0.105871
-0.361316
-0.0374719
-0.31011
-0.147815
-0.285997
-0.0965469
-0.308623
-0.0926389
-0.346217
-0.0146948
-0.352085
0.0219422
-0.397653
0.0438922
-0.267221
-0.166643
-0.342159
-0.0929678
-0.272935
-0.118992
-0.278545
-0.0877042
-0.21245
-0.1543
-0.291439
-0.0360714
-0.219692
-0.158686
-0.342101
0.03374
-0.379696
0.0548496
-0.379451
0.0763712
-0.264815
-0.169476
-0.244103
-0.13488
-0.183744
-0.188981
-0.00541728
-0.262154
-0.159488
-0.177423
-0.0696422
-0.218405
-0.232847
-0.130996
-0.244881
-0.0278161
-0.320167
-0.00698048
-0.347509
0.0114241
-0.242926
-0.180579
-0.214414
-0.150342
-0.179332
-0.205043
-0.219118
-0.0890878
-0.00594402
-0.235304
-0.139122
-0.135728
-0.243343
-0.111968
-0.234699
-0.0617845
-0.326642
-0.0579075
-0.331242
-0.0316001
-0.207206
-0.168809
-0.243049
-0.142477
-0.104511
-0.250745
0.0251867
-0.284454
0.0172071
-0.229452
0.122363
-0.221156
-0.145985
-0.118733
-0.164009
-0.203723
-0.26472
-0.120111
-0.266526
-0.12101
-0.197372
-0.145549
-0.168282
-0.102197
-0.13622
-0.176705
0.14348
-0.0941912
0.141914
-0.170207
0.134948
-0.11591
-0.0140194
-0.188946
-0.172706
-0.102612
-0.262894
-0.105411
-0.278262
-0.130989
-0.099763
0.0429157
-0.141904
-0.114707
0.0848467
-0.154405
0.10173
-0.21566
0.232596
-0.11642
0.185975
-0.17309
0.0669143
-0.247679
-0.0463457
-0.260344
-0.176998
-0.185318
-0.27737
-0.189035
-0.114739
-0.154536
-0.136211
0.0307549
0.0144114
-0.221125
0.236724
-0.180796
0.162427
-0.254822
0.216959
-0.202151
0.0637819
-0.259779
-0.0802719
-0.298596
-0.163246
-0.294559
-0.309862
-0.228563
0.131701
-0.120222
-0.00107267
-0.20007
0.0241911
-0.245639
0.152188
-0.278138
0.16921
-0.281462
0.182679
-0.305003
0.0363181
-0.353102
-0.0689362
-0.362935
-0.168419
-0.337614
-0.229996
-0.362438
0.17175
-0.0840638
0.157849
-0.042732
0.0758886
-0.235482
0.141221
-0.268196
0.073628
-0.335824
0.227475
-0.289487
-0.0138759
-0.354514
-0.0829332
-0.330524
-0.2471
-0.33657
-0.398651
-0.285036
-0.244242
-0.287851
-0.285523
-0.259261
-0.265966
-0.246311
-0.328894
-0.168509
-0.28239
-0.22495
-0.25478
-0.0492231
-0.295884
-0.139693
-0.331089
-0.0627473
-0.363823
-0.0170037
-0.395006
-0.0161447
-0.204565
-0.292432
-0.308034
-0.224216
-0.199804
-0.266343
-0.185683
-0.23684
-0.204342
-0.251425
-0.250035
-0.160627
-0.171735
-0.200601
-0.322309
-0.0709534
-0.359122
-0.0164396
-0.355518
0.00847645
-0.181998
-0.341861
-0.115418
-0.351108
-0.127698
-0.30206
-0.0431353
-0.337192
-0.110522
-0.24426
-0.0225718
-0.260761
-0.211715
-0.165199
-0.177973
-0.166961
-0.267444
-0.116877
-0.305644
-0.0906923
-0.147161
-0.349952
-0.125107
-0.30921
-0.0295599
-0.329746
-0.130556
-0.271394
0.0648464
-0.32883
-0.181339
-0.176956
-0.140737
-0.22644
-0.197565
-0.154805
-0.266513
-0.116263
-0.298753
-0.0678932
-0.0901568
-0.350842
-0.0962552
-0.357952
-0.0173749
-0.340711
0.0141119
-0.347827
-0.0272285
-0.303853
0.115024
-0.280131
-0.0561071
-0.266689
-0.116602
-0.224807
-0.231915
-0.16444
-0.237955
-0.118771
0.000808878
-0.361818
-0.0114734
-0.325646
0.0370592
-0.33759
0.154217
-0.274803
0.144161
-0.278506
0.155341
-0.204326
0.0558501
-0.253736
-0.0950478
-0.223709
-0.161223
-0.263999
-0.147244
-0.201014
0.0158804
-0.309488
-0.029727
-0.333712
0.152972
-0.278547
0.188291
-0.330351
0.226766
-0.233194
0.215453
-0.285213
0.159316
-0.269926
0.0379688
-0.293641
-0.0367735
-0.235358
-0.11401
-0.242753
0.0333596
-0.368327
0.0554947
-0.280198
0.075522
-0.353083
0.269238
-0.297904
0.217023
-0.303287
0.209438
-0.32812
0.0822401
-0.358187
0.0561997
-0.303714
-0.105876
-0.328615
-0.244634
-0.245855
0.0986629
-0.353598
0.101726
-0.349288
0.0649874
-0.36022
0.168929
-0.36434
0.215466
-0.344006
0.194886
-0.355571
0.137152
-0.36232
-0.0141497
-0.351876
-0.0658894
-0.366592
-0.143277
-0.345044
0.13848
-0.295052
0.136589
-0.301122
0.138973
-0.34728
0.160408
-0.359885
0.115959
-0.360443
0.224653
-0.331269
0.0637555
-0.388583
0.0491928
-0.348755
-0.175357
-0.342489
-0.323573
-0.290179
-0.129117
-0.356513
-0.0632125
-0.349168
0.101237
-0.274002
0.141231
-0.235637
0.152909
-0.203817
0.191041
-0.179972
0.174783
-0.14143
0.167849
0.0300256
0.056399
0.00432571
0.0299036
0.0700423
-0.0673424
-0.318134
-0.0633412
-0.309993
0.114085
-0.250948
0.219788
-0.22233
0.222853
-0.182302
0.222458
-0.105884
0.186151
-0.151846
0.147821
0.0571528
0.167043
0.0563165
0.132759
0.132279
0.0477841
-0.31957
0.108803
-0.276703
0.20237
-0.271268
0.281753
-0.225579
0.282511
-0.145125
0.328242
-0.136883
0.269803
-0.110139
0.272079
0.0318338
0.240879
-0.00694305
0.185847
-0.0216808
-0.0346641
-0.298689
0.157123
-0.268808
0.200053
-0.241559
0.246407
-0.184059
0.316194
-0.101663
0.314709
-0.0815074
0.283732
-0.116636
0.274363
-0.0427329
0.216739
0.0187483
0.194871
0.0414548
0.0767954
-0.279521
0.034492
-0.254361
0.216731
-0.237858
0.276653
-0.223241
0.335126
-0.119697
0.340958
-0.121516
0.327578
-0.115714
0.305909
-0.028754
0.287455
0.0129071
0.217083
0.0368874
0.117752
-0.212098
0.189985
-0.213651
0.245602
-0.158913
0.348304
-0.134669
0.295425
-0.111498
0.360524
-0.048706
0.322328
-0.0414734
0.300882
-0.0200321
0.268851
-0.0200378
0.257457
0.0150846
0.196209
0.0290515
0.213109
-0.0201763
0.302939
-0.0406062
0.357122
-0.125818
0.377152
-0.0374771
0.383078
-0.0913703
0.36602
-0.0538245
0.314241
0.00298313
0.315258
0.0398422
0.280745
-0.0325747
0.267393
-0.0550989
0.233545
-0.0500946
0.284259
-0.0849552
0.365074
-0.0724997
0.349395
-0.140876
0.365478
-0.0586115
0.356531
-0.0569249
0.324039
-0.031423
0.283782
-0.0766112
0.223329
0.0792659
0.282878
-0.00771256
0.248111
-0.0793189
0.267931
-0.127859
0.331014
-0.0829047
0.387758
-0.0978164
0.379288
-0.141396
0.36285
-0.114427
0.304958
-0.031722
0.297414
-0.0572343
0.275194
-0.091351
0.282443
0.142785
0.268651
0.101165
0.325897
0.0151529
0.347533
-0.0230535
0.366382
-0.0466833
0.420943
-0.0680333
0.341584
-0.02994
0.35729
-0.00656369
0.253747
-0.0226423
-0.0818566
0.103485
-0.243969
-0.69966
-0.128466
-0.699765
-0.0815123
-0.676137
0.0127098
-0.655943
0.0853591
-0.651821
0.11691
-0.619633
0.161479
-0.608265
0.18026
-0.574007
0.243751
-0.534273
0.214846
-0.53696
-0.259137
-0.676344
-0.133542
-0.668449
-0.0851702
-0.648807
0.0159709
-0.634217
0.0817927
-0.635734
0.121219
-0.591567
0.146487
-0.586171
0.170285
-0.542133
0.199884
-0.522795
0.260755
-0.475912
-0.244486
-0.645988
-0.166725
-0.624693
-0.0819983
-0.62977
0.0393127
-0.645675
0.0674748
-0.610798
0.130905
-0.587612
0.146834
-0.569162
0.18185
-0.53472
0.240754
-0.500691
0.247714
-0.501705
-0.300103
-0.604356
-0.23889
-0.602429
-0.118209
-0.617144
-0.0597906
-0.602182
0.0460593
-0.601139
0.130997
-0.566702
0.128454
-0.547208
0.166597
-0.523676
0.16558
-0.497265
0.177524
-0.478609
-0.347288
-0.563788
-0.245258
-0.570498
-0.166139
-0.590333
-0.0407284
-0.610085
0.0341095
-0.584862
0.10591
-0.553744
0.127797
-0.534499
0.142796
-0.524383
0.158325
-0.491046
0.203295
-0.460141
-0.374935
-0.50609
-0.303534
-0.533042
-0.216753
-0.53783
-0.091097
-0.55332
-0.0312093
-0.556153
0.10144
-0.510301
0.0891596
-0.522345
0.105832
-0.479135
0.124639
-0.462329
0.176574
-0.460068
-0.423052
-0.461913
-0.343414
-0.474009
-0.253203
-0.50089
-0.116865
-0.535135
-0.0457771
-0.515711
0.0647721
-0.502862
0.0865611
-0.493944
0.102831
-0.479387
0.158399
-0.447851
0.115353
-0.458022
-0.446676
-0.422633
-0.391389
-0.432305
-0.317323
-0.465085
-0.162678
-0.505677
-0.0688177
-0.528866
-0.0221104
-0.507396
0.052323
-0.478762
0.1026
-0.455991
0.0303571
-0.480042
0.0728685
-0.44736
-0.485978
-0.3905
-0.428403
-0.396564
-0.352638
-0.434333
-0.217996
-0.492162
-0.132694
-0.496368
-0.0431555
-0.499066
-0.038592
-0.477432
0.00107828
-0.473978
0.0470898
-0.458418
0.0341998
-0.456404
-0.528681
-0.31218
-0.508526
-0.282177
-0.395645
-0.387669
-0.268248
-0.419767
-0.215043
-0.433283
-0.074043
-0.451015
-0.106281
-0.438045
-0.0301315
-0.424622
-0.10441
-0.423202
-0.14953
-0.367725
